0 0.42768032947609946 0.5221718436386111 0.04741800057979678 0.03264172607768068
0 0.4975844850041278 0.518304885760526 0.019295576877272236 0.021409224773307534
0 0.4815493515699085 0.5145546687911065 0.011938484750799394 0.018262246225119183
0 0.3216674737283107 0.5263881416567837 0.062099314875434686 0.03324948969739383
0 0.3828186692125005 0.5224329380289165 0.04756986291786619 0.04081353520830511
0 0.7010384347726031 0.5216609842409441 0.05185515625001769 0.03112480163285125
0 0.7379533486339076 0.5143993952487981 0.050842018223923646 0.02957082819342377
0 0.6274856733786899 0.5176475855344389 0.0408755937068106 0.02334058542094053
0 0.4388692269038954 0.5300347500404785 0.0459071730402032 0.03807779610243289
0 0.6898659602819623 0.5164697014138588 0.04125050396114194 0.028234518751316884
0 0.6383993520877405 0.5194946676198701 0.050623632850114286 0.025053380466386166
0 0.6746194108372948 0.5158318599269953 0.045645437217697316 0.02508838142076486
4 0.376243169322249 0.5280666712072205 0.007497996402009988 0.05022733560114645
