0 0.4099680596830788 0.520740664588657 0.04511433616380017 0.03012797682450752
0 0.4937637265601756 0.5180161749599272 0.02455376878108695 0.02041347389400816
0 0.4824961017713305 0.513804316611469 0.011278444835320756 0.017291936163935318
0 0.3373921160809815 0.5240302445366716 0.055823850123581764 0.030185571665392708
0 0.3932195601619273 0.5204015174639617 0.04289997500831472 0.03709218609124654
0 0.6569986937359031 0.5204913592472885 0.04536317167845805 0.028444045995818623
0 0.7210748623494714 0.5133601865085047 0.0463997468353512 0.027428947024396078
0 0.6191366004319205 0.5164846986764828 0.037851846978785075 0.021773582664411872
0 0.43922966739709113 0.5263957814106379 0.04256546366700337 0.03308494131587114
0 0.6764371463453402 0.5152919777985552 0.03777370437105676 0.0261975300954449
0 0.6286146510373328 0.5181076202011884 0.04660321910215126 0.023232740433469568
4 0.40185845723668223 0.5252017278565635 0.006157863055534507 0.045071167493559106
