0 0.49704409598831834 0.5254061334910941 0.026287515673557194 0.037421795237084776
0 0.4735899897940502 0.5208905800548644 0.01768615538451407 0.026560323739641456
0 0.2360322618967378 0.5589316672068056 0.14606692100404256 0.0774571861601201
0 0.35270780186132067 0.5883082581731682 0.08559054565111929 0.1657446863070725
0 0.8630596028465867 0.5238619970252032 0.07006392783634674 0.04070410897260546
0 0.032426396553857983 0.5550947893195307 0.17944591651592612 0.08145121556106338
0 0.9142641864158345 0.525447000048969 0.10478329186300284 0.052342355934873575
0 0.6785295995729174 0.509622388442917 0.023679664874597828 0.013981430945981033
0 0.7050947052705225 0.5096363844329366 0.024411019127129174 0.014001613598765172
0 0.6630723447335534 0.5300957050120876 0.06933194278547938 0.038633870882823995
0 0.5262180542984314 0.5108917598535956 0.017784579883323937 0.01306233269363899
0 0.8124323189544926 0.5293313168497346 0.08099051122713063 0.04954908340704356
0 0.6744433416586583 0.5354342438113447 0.09019838108933009 0.04368185282538417
0 0.7755012477216319 0.5265428439628039 0.08253778344420193 0.042227966941314254
