0 0.8907028557713079 0.5180442579394287 0.07798992480118783 0.03471580756177173
0 0.4888150697201211 0.524685395047673 0.03661660798322863 0.03661007890742596
0 0.47645536022431023 0.5186041008077498 0.015576453559920433 0.023544394673646996
0 0.2585690246538237 0.5435761434248941 0.10745878045482218 0.05610424705370298
0 0.3832103380843629 0.5438386636638499 0.07695124930540215 0.080664079515815
0 0.11073474805556444 0.5410240673443354 0.12805933701170175 0.05982300916593186
0 1.0167886059675983 0.5282966290687408 0.1075429806200584 0.05048520211861751
0 0.9856419884113141 0.5194653403290019 0.09914286391391969 0.03707078509292516
0 0.8426218502489243 0.5209158586788862 0.08121193619789491 0.043002035734928
0 0.6709951382740347 0.5247334784850404 0.05940648839716778 0.032531356046315074
0 0.5414686787212609 0.5098929826367595 0.016640811227465413 0.01180482600867816
0 0.22914287256636662 0.7031513195722615 0.3006919689963232 0.3127891664262459
0 0.7729981548844043 0.5238152566841899 0.06465283588945991 0.04097793461305854
0 0.6911623069421711 0.5283475115535512 0.07631813262895493 0.03596008126766359
0 0.7430289451594534 0.5221311476062266 0.06781957360962965 0.03523641977460956
4 0.1080281764720002 0.5693456966486732 0.02952816643005285 0.14530377407384432
