0 0.8754751697375711 0.5160958091881128 0.07087929931558401 0.031943391932891085
0 0.47982760417082754 0.52462281091057 0.04257527739671507 0.037142749555117205
0 0.49778251002151785 0.5181473276591408 0.015427441241011308 0.021034366827506812
0 0.2659817451109316 0.5382358523401138 0.0938645740421423 0.04882614831636001
0 0.3833969472394255 0.5356292069902612 0.06903602543727111 0.0652845460380389
0 0.7832315209193147 0.5185274640339481 0.05048366443687691 0.03152955076649244
0 0.9249713684742532 0.5263122897580238 0.08903381508292019 0.04467393469210079
0 0.962956586162582 0.5169924252102613 0.08927521060266475 0.03465633432027848
0 0.8131000651760847 0.5190653726653449 0.07215541831354833 0.039187913947432096
0 0.6634631254503517 0.5226813936492285 0.054466996031457215 0.03015119012408385
0 0.5496298480459819 0.5094563371883187 0.016044923477536832 0.01125467305390393
0 0.3830706138335973 0.5859106582254694 0.09482256165236197 0.1179861039768123
0 0.7495763723231845 0.5217362054782229 0.057732852669512114 0.037364447876024
0 0.6818472665419839 0.5256874401120595 0.06929262846637074 0.033208344875482854
0 0.7242032938291958 0.5203911942861801 0.06147865195869551 0.03242611918457983
4 0.2280944389277748 0.5486634120305948 0.01809973168991194 0.10193483223404504
