0 0.49865532075510455 0.5170362330627166 0.02103863284608748 0.035032172585033106
0 0.47198588447048706 0.5152498003051488 0.018880460748383454 0.028205788461360903
0 0.23814005777689518 0.5665520113178432 0.16946125617980756 0.1008277954276402
0 -0.06982773276407514 0.9139469713525057 0.7800973949573595 0.8170658580736437
0 0.8774458955698543 0.5197119779355246 0.07723288562440944 0.044250492862067003
0 -0.051933358062609715 0.5579094229691278 0.2250581878162416 0.09618225824192761
0 0.9393713587211483 0.5218340534729844 0.11808794642359433 0.057565603170137425
0 0.7109455919408643 0.5031584811061037 0.025305094211865886 0.014404484764884484
0 0.6301068099728575 0.5263788997657917 0.07270837470434133 0.04185387183774647
0 0.5133787165098951 0.5049225533315119 0.01825862858845706 0.014058385929296424
0 0.03125106526935796 0.5498663403124926 0.14158415184924394 0.06541501622110257
0 0.8032283148070825 0.5264060721128858 0.08830900214985304 0.05470145645240321
0 0.6258750215539124 0.5331899891657182 0.09532454528216239 0.0482776435644523
0 0.7585997537663172 0.5231196677080101 0.0882383838218661 0.04501269281003495
