0 0.9054216535446487 0.519940870752486 0.08500681726672477 0.037424722590078674
0 0.493823167466689 0.5249290798970248 0.0314984204359991 0.03635530382292895
0 0.47523407254917116 0.5195778844730181 0.016470114515370338 0.024825933596607674
0 0.25005869099115907 0.5493086378879719 0.1222598292733382 0.06405417824426529
0 0.37975844019828175 0.5557555275641239 0.08248446473060483 0.10355335444336944
0 0.83020720334989 0.5216605862088586 0.06172145811305674 0.03690652703782582
0 0.08151248887641845 0.546392689020502 0.1470776713932713 0.06768128891633574
0 1.010167098627564 0.5217218187975763 0.10949995860026529 0.040700335905578755
0 0.8718467433868946 0.5227573619767867 0.09055538693324772 0.04679767865580603
0 0.6693869492290943 0.5269256599199237 0.06367290109284718 0.03517750972081313
0 0.5345722088259829 0.51031108854439 0.017155714582764325 0.012331146668851933
0 1.2889511592609295 -0.1179799160759829 2.686004725472294 2.2046612536853485
0 0.7948522343710231 0.5259230524415458 0.0716364802700834 0.044464033346112375
0 0.6893138847799987 0.5311715041813894 0.08249778372494354 0.03924651417949521
0 0.7609876316105089 0.5238233129543937 0.07413922883505375 0.03812537656195747
