0 0.8934809151005445 0.5184017732450557 0.07930510545503322 0.03522604008536023
0 0.4899842359297124 0.5247619450369481 0.03556567303664343 0.03635912513218298
0 0.4762208690707689 0.5187910012826092 0.015747414564426798 0.023790026801880915
0 0.25702898120845286 0.5446088918771025 0.11012780043906376 0.05753078473151718
0 0.38306042727007356 0.5457538678442728 0.07808246073596448 0.08424538286621586
0 0.8114235548828006 0.520406007158351 0.05712949001786061 0.03474555223283915
0 0.1047675409996549 0.5419940575168387 0.13153944750082308 0.06125349901727384
0 1.0353089465669463 0.5286450259577482 0.11136079196382576 0.051563993601959734
0 0.9898382163845552 0.5198815783418225 0.10105322121202576 0.037943877198677645
0 0.8480929724455744 0.5212598746246018 0.08293251487972941 0.043711102544113145
0 0.6711364333127555 0.5251376651445789 0.06024148510252769 0.03301679729727047
0 0.5400958284731145 0.5099723571919341 0.016742535537175862 0.011904795923262657
0 0.15106266646518993 0.7657793759373437 0.42052439111196854 0.42500931828094
0 0.7773364548251265 0.5242011599381438 0.06596262075790071 0.041649220551638666
0 0.6914974372489262 0.5288603315674001 0.07753546604953099 0.036590429977764294
0 0.7464786150782963 0.5224505072843861 0.06900109379585861 0.03575283042737809
4 0.07730389377060302 0.5746710715256219 0.03283216369522419 0.15647061635802428
