0 0.4300345339807611 0.5223757603460395 0.04822642338828104 0.0330416259097851
0 0.49790896248494815 0.5182918046578362 0.018673205811025384 0.021396713012414414
0 0.4814056992044251 0.5146686019596778 0.012039092271455942 0.018409811488487193
0 0.3191692093910323 0.5267634045895919 0.06311043897768959 0.03373862821107654
0 0.3811954305169752 0.5227527572748566 0.04832210230248446 0.0414069775342516
0 0.7080890441195091 0.52184546510452 0.05291343235249257 0.031544435853992914
0 0.7405774678028103 0.5145612508924821 0.05154404520346145 0.029904426049514488
0 0.6287749801010097 0.517827287742951 0.04134682206376383 0.023583036638987753
0 0.4393801055997628 0.530750532827623 0.04624288223873002 0.03909064583901123
0 0.6919531973342177 0.5166529738221339 0.04179849497120347 0.028551662354664997
0 0.6399201558173115 0.5197104114000748 0.05125446733647743 0.02533701322860138
0 0.6763924313801947 0.5159943020165714 0.046189847878081336 0.02534915094717005
4 0.37309631790861025 0.5285402078052502 0.0076433101094509626 0.05107749635645642
