0 0.42675567729923947 0.5155380604009339 0.02841193689082422 0.02523124261703158
0 0.49902427009887407 0.5169831266848883 0.026803927352973878 0.01886025689050519
0 2.2894076346478403 -1.1120645556856659 4.4585807393558925 4.028856972859421
0 0.459122108844328 0.5191319522305091 0.028815473060599395 0.021567929264813546
0 0.40365924894674376 0.5749560964231903 0.07921399743666074 0.09868255466587628
0 0.6292745368076976 0.5127649152205298 0.026242106857771397 0.019093382252042268
0 0.5942470674749591 0.5148397777618616 0.03301499684203313 0.01689892940277604
0 0.4493223800605036 0.5334493576189363 0.03610486089249859 0.05692594635886494
0 0.5746031601450291 0.5163533438124501 0.025124243009276848 0.01982816681097388
0 0.6218332117290235 0.512602792314421 0.03018512810316243 0.0173816074192652
