0 0.44232492742457397 0.5233146387723729 0.05121610261621706 0.03481574987365299
0 0.498861549944639 0.5182213431266425 0.01600535599196362 0.021164804382163838
0 0.4806524459007191 0.5152662143012983 0.012568485339475854 0.019184839515102525
0 0.3055481027187422 0.5288125083103924 0.06869107265355551 0.03641680554031823
0 0.3760782648361011 0.5244690867024695 0.05245277488580352 0.044830991332517
0 0.7482080162238234 0.5227972242238903 0.058930598187144745 0.033939000053241464
0 0.7546170930565553 0.5154285520843723 0.05535208485791965 0.03169201059900856
0 0.6356334526725415 0.5187838033903689 0.04387285826094378 0.024874900548604417
0 0.44062337982347943 0.5350885675357829 0.04723576684212144 0.045434692677096544
0 0.703117755335174 0.5176343160425488 0.04476440021032513 0.030250536352938173
0 0.648054676353361 0.5208651550828505 0.0546559601915082 0.026857163237371973
0 0.6858264430914485 0.5168593822088711 0.04911378396481869 0.026738701827203393
4 0.35264409978968025 0.5321933831756229 0.008723293004616939 0.05765110294341291
