0 0.49512229191885043 0.52515860589071 0.029603652722130946 0.03670218801574743
0 0.4747092186603191 0.5199966614207449 0.0168566521370338 0.02537839116553564
0 0.24598844815614418 0.5520898595527537 0.12934675777089819 0.06791092395863763
0 0.37613281648800734 0.5629068170369576 0.08416066081453483 0.11704187977098834
0 0.8404759209058177 0.5223477268885974 0.06428657734535481 0.03809101184636754
0 0.06889414661349393 0.5489634591103252 0.1561990385077798 0.07137254676563576
0 1.0216595919252227 0.5227528292246251 0.11425042441605371 0.042021481935642035
0 0.8849845501285161 0.5235883138262254 0.09487790820080366 0.04851041348630958
0 0.7007224791214701 0.509430256966013 0.023779334237590488 0.013698012984945884
0 0.6680663186559113 0.5279087535344169 0.06551437807547955 0.03636702416985482
0 0.5317938887145939 0.5104942642090624 0.01736499145007786 0.012561670155861626
0 0.8018874138705472 0.5269406329105565 0.07463152127151151 0.046031559535776756
0 0.6859377552601975 0.5324936760126997 0.08502897936235632 0.040675628574313394
0 0.7672657979891663 0.5246052883379164 0.07689740348553031 0.0396243032577841
