0 0.4982800057621219 0.5178656719354471 0.02154071421185544 0.03592955084673183
0 0.47209183088719386 0.5154374358229552 0.01881525044664978 0.028116143122349446
0 0.13110725895289876 0.7520940162089825 0.4226201634416268 0.49846751054095617
0 0.8832857916644666 0.519606606086121 0.07734455850292865 0.04404266043473476
0 -0.04679304296425146 0.5575549257644059 0.22217425963709736 0.09519317014188311
0 0.9448078503569933 0.5216890072370758 0.1180607557857083 0.05728511147588783
0 0.7106629325360343 0.5033968370817746 0.025259947741038014 0.014383466326093997
0 0.6365607768951876 0.5264451709082059 0.07291048266409428 0.04166698911304667
0 0.5162671468786892 0.5050422753652877 0.018264349433778748 0.013889910433064423
0 0.01399500371001659 0.5494608074296665 0.14343621143109214 0.06443829964192616
0 0.8135454107812485 0.5262272540136264 0.08879292109548698 0.05440664889192959
0 0.6395586058748337 0.532857368510244 0.09565161380745824 0.04740278645519724
0 0.7670479553661069 0.5229581825066145 0.0886168799943895 0.045398106671735605
