0 0.9527065118073974 0.521505034783135 0.10049606358219121 0.04275503433022032
0 0.497605235750675 0.5238670258365701 0.024851361176780107 0.03716120808631951
0 0.47301542075757613 0.5199158652113891 0.01811593083590546 0.027161923308042568
0 0.23037430731093628 0.5616237564643144 0.15552302230505824 0.08338270819191851
0 0.31592520145474995 0.6106441109818079 0.12003178099124445 0.2123508016417034
0 0.8744945240126376 0.5232336862615872 0.07309152935872287 0.041917862010961815
0 0.004138730330394622 0.5570386298394038 0.19414502541788728 0.08667507807514041
0 0.929521471989984 0.5250055173175167 0.11011544082551328 0.054167482629701225
0 0.680417288040085 0.5083211533389638 0.023985694656236456 0.014130714313057235
0 0.7072663899947187 0.5083354049428439 0.024733881856695672 0.01415133241302835
0 0.6576119313416001 0.5297975527551331 0.07108365791060356 0.039752468781390715
0 0.5234180749518996 0.5096982261425653 0.017983019042760562 0.013326469695320253
0 0.8166351808910111 0.5291699278253573 0.0842870426604686 0.05146235849703995
0 0.6667552937898611 0.5354497504969457 0.09271036268341581 0.04505354614694124
0 0.7773096748782171 0.5261601193608086 0.08529825657931667 0.04355737594955533
