0 0.498075037139736 0.5187483290577654 0.022734093575950187 0.03658228408418562
0 0.4723471182322125 0.5157014176637568 0.018622467659059172 0.027847286129410564
0 0.22695398798127348 0.5623372861102481 0.1665606272735585 0.09231784150363231
0 0.23478684561509533 0.6697838556044128 0.24986816957957556 0.33711406820528755
0 0.8836420744245366 0.5195182296653922 0.07632197118871709 0.04337078907684122
0 -0.03204103384575372 0.5562650564243277 0.21399673663384772 0.09252368004999167
0 0.9434045864908528 0.5214963633708136 0.11604992656766489 0.056287692169364134
0 0.7097352585524446 0.5038091258265038 0.025121258365140453 0.014319346125717225
0 0.6449485439491043 0.5263511765668172 0.07257872343348237 0.040884564029263104
0 0.5191457732311736 0.5053385986681973 0.018198422813159087 0.01368543405668432
0 0.0037048390934011424 0.548546543607811 0.14269601590058428 0.06256176050487039
0 0.818376552641922 0.5259314675891392 0.08786169827341594 0.05363566792966129
0 0.6517859406417377 0.5324532510439004 0.09512303030835545 0.04653206945155597
0 0.7737898110165405 0.5227298684648456 0.08802555876467566 0.04503095808811053
