0 0.3909775714855002 0.5190900707585502 0.04395350589618574 0.027465391345146917
0 0.48525784985357134 0.5178444687129522 0.03129271602366712 0.021426670237302603
0 0.3522766647370307 0.5218047241242816 0.05002489307945629 0.02730881709276478
0 0.4030516834228006 0.518489276137352 0.0385642880288784 0.033591711351393494
0 0.6126963904212437 0.5194555242393997 0.03929023328691772 0.025959206126401457
0 0.44512630488369165 0.5237327200515343 0.03849826900105002 0.029584941729179803
0 0.66324275738477 0.5141372448145735 0.0344401446605862 0.024201993629941576
0 0.6190002737712406 0.5167465338544188 0.042717679486118376 0.0214510318202904
0 -1.9526537468784024 2.5890069838128547 4.544228796909666 4.144381167320754
0 0.7039534064484367 0.5166729374081047 0.03898281758053879 0.02631947507890431
0 0.6517427454417822 0.5137398420257817 0.038766123347679704 0.021734482836681113
