0 0.8665333313096123 0.5149485877862934 0.06676570937153348 0.03035090066337509
0 0.471855983986901 0.5245075231859752 0.04635763209024185 0.03696307684269162
0 0.498476089129841 0.5181648292714338 0.015563947957446367 0.021021410142026853
0 0.27108476316636937 0.5353091993888739 0.08649505019819301 0.04492544725003178
0 0.382235090884015 0.5318531246310922 0.06428926382750977 0.058209966829899096
0 0.7692818589938453 0.5175683405215878 0.0473787243942877 0.03030657865782871
0 0.8739408761651934 0.5252425913565357 0.07953239014936142 0.04153603193830013
0 0.9514894638168622 0.51563816234479 0.0836706840785606 0.0320717598602025
0 0.7960947665945595 0.5180038940024707 0.06711328243486714 0.03700006925521687
0 0.6555136845918402 0.5215618173849291 0.05137814548413733 0.02863966835012599
0 0.5549994986628248 0.5091993275126666 0.015656948144937455 0.010930294268271856
0 0.4133132550583139 0.5624027406130943 0.058480762976999556 0.08293240667701951
0 0.7360755525556961 0.52054116874224 0.05386023666956097 0.0352897748876706
0 0.672066250296383 0.5242810526929536 0.06496334221355315 0.031373951835018565
0 1.0156633094742968 0.5194839148006246 0.08287029811441615 0.04178197927798827
0 0.7131948906019789 0.519376005187081 0.05785463594990936 0.030788970909745972
4 0.2745966661352705 0.540689642695629 0.014248962587616987 0.08521453016573416
