0 0.873141588447197 0.5158000983666118 0.06980710041605409 0.03152734715549099
0 0.4779819202654928 0.5245999871106105 0.043552094028807276 0.037106810027610626
0 0.4979379116908371 0.5181521694389517 0.015525463338773637 0.021035635390652896
0 0.26703067664625757 0.5374669247511707 0.09192894208403679 0.047790751698605805
0 0.38319751245726336 0.5345849547754481 0.06781163358093478 0.06332723631306991
0 0.7796147119158869 0.5182849734075088 0.049656819376884154 0.031140312769949663
0 0.9115849509878454 0.5260272931552841 0.08648629829847798 0.04385638152112192
0 0.9590893037708177 0.5166410196499616 0.08777543086859474 0.034232822528247664
0 0.8086679392770159 0.5187884057833602 0.07082896949575068 0.03861704816374817
0 0.6614306529644618 0.5223900509624042 0.053664344199292224 0.02976698886538176
0 0.5509773675234311 0.5093896736837807 0.01594744517832747 0.011170600157979438
0 0.3927993302067424 0.5785050176527701 0.08323425196203177 0.10679731942717607
0 0.7460582666466015 0.5214245624816123 0.05671552181572492 0.036823245757518275
0 0.6793400753986748 0.5253176321451203 0.06816389956006308 0.03275202335812688
0 0.721345837856836 0.5201275238411445 0.06053201990972912 0.032000729183528254
4 0.24134956845878358 0.5463850020139364 0.01696441727746445 0.09715720451213333
