0 0.8592278732887114 0.5138799158163114 0.06312413687922724 0.0288711919440634
0 0.46249727018145537 0.5242967338995705 0.04955821263285748 0.03664772687467255
0 0.49922484468735207 0.5181654484434555 0.014854137256587185 0.021039772691739178
0 0.47931152976891184 0.5163311987870967 0.013518825732456885 0.02057015828263664
0 0.2800913846755041 0.5328344689476431 0.07989653645233127 0.04163301980170675
0 0.38033561215248235 0.5288955635257103 0.05991214371687653 0.05270121199454603
0 0.7604523220446227 0.516638295739161 0.044677466989311854 0.028484298827114785
0 0.8285591701953718 0.5243235870857261 0.07158652901654561 0.03873149166926626
0 0.7808433009370874 0.5170546665946988 0.06269999286617856 0.03504359987684652
0 0.6482691665278573 0.520548547762328 0.048611628258542594 0.027264287221616335
0 0.43063443688476283 0.5489059727399163 0.04036375242000678 0.0645948466911348
0 0.7239614424041803 0.5194709873063954 0.05045785847450157 0.03343333325103759
0 0.6632407229308211 0.523024255826649 0.061128563583092266 0.029708655691120356
0 0.960031724194675 0.5190010596575101 0.07378202611248608 0.03900331600419321
0 0.703217676983846 0.5184573589625194 0.05462366365218352 0.029309140655274013
4 0.3078626871340038 0.535003386960379 0.011707199587204842 0.07329094384103552
