0 0.4156266675231944 0.5203742976380838 0.03527972384432532 0.01758958073337291
0 0.42852224177790066 0.5182583078826493 0.027742482008820346 0.024878910911616536
0 0.489754855684531 0.5197019052886793 0.026355443952168822 0.018412756238734396
0 0.10619375042418415 0.80814614697865 0.5103798362923997 0.5798843003738935
0 0.421077536355353 0.5645301636678779 0.061543040177473696 0.07867671083249295
0 0.6266380622643798 0.5155740349893176 0.025640537517745976 0.018702021727243112
0 0.5923269533512456 0.5176071635645006 0.03228762832907339 0.016551492933740697
0 0.45416582916502557 0.5333892489496264 0.03194043494366017 0.05176969676188958
0 0.5643799372290705 0.5191803999348936 0.024057535563717036 0.019090867803451927
0 0.6194775406307911 0.5154228285245465 0.029539212989052932 0.017043593755624586
