0 0.4072905603341006 0.5205462882290127 0.04530928412064855 0.02997698003177507
0 0.4929296204738559 0.5178801614512571 0.025418726420866122 0.020607866886277137
0 0.3394147589723972 0.5237274514663701 0.055027753674368296 0.029793306895874783
0 0.39455629607883613 0.5201410703779064 0.04230595225601558 0.036615248249136756
0 0.6514950228038665 0.5203371268710263 0.04455302063325639 0.028101189510497004
0 0.7188572479824413 0.5132238917435603 0.045825527331925575 0.027148034042105806
0 0.6180323339389007 0.5163310046184777 0.03745554110900384 0.021566730874638673
0 0.4400121344958853 0.5260282472550986 0.042012100939849084 0.03260125691115945
0 0.6746723029109984 0.51513738601374 0.03732307962365866 0.025930277634315657
0 0.627328682144486 0.5179254668044286 0.04607978844544158 0.022994016346199797
4 0.40206040787638136 0.5247913141201856 0.006055868535583375 0.04433452573775232
