0 0.3927353917899732 0.5193004860587189 0.04436535151838683 0.027855223025065157
0 0.4865893459733609 0.5178475754476572 0.030426199449805236 0.021390903289946306
0 0.3505669391118103 0.5220600461035603 0.050684001953219426 0.027638098299640146
0 0.40192289292446265 0.5187084176092607 0.03905811773662293 0.033992711276027876
0 0.6180513239213029 0.5195682353623128 0.039995583328297 0.02625470794522744
0 0.44444980620342533 0.5240354644963842 0.03896379360077862 0.029981331603165406
0 0.6647830826411188 0.5142719250070058 0.03482508468117307 0.02443465191588834
0 0.6201226926541419 0.5169053387756739 0.04316796915894294 0.02165866336816713
0 2.4517734933104713 -1.221975146235708 4.643487629353429 4.095852617844077
0 0.7100430387289874 0.5167519423936033 0.03969131783305846 0.02664947646998983
0 0.6530796660821725 0.5138618970785926 0.039160730738584726 0.021929932428475518
4 0.4205702397462633 0.5227704959199992 0.00542316785692637 0.040708761341238575
