0 0.4398179927452851 0.5231405979679844 0.05081378480721099 0.034483102475599714
0 0.4987505042657821 0.518229231652392 0.01648153906480554 0.021187684881286972
0 0.48080791907952103 0.5151428144228712 0.012458943340172002 0.019024667220036928
0 0.30843409973880764 0.5283779063388465 0.06749909311591734 0.03584775871696244
0 0.3764026331388968 0.524095851175825 0.05159869332858502 0.044110566403023244
0 0.7394740659906534 0.5226082985623992 0.05762457651882125 0.033420219501889004
0 0.7516795091188637 0.5152468986315837 0.05454806749855934 0.03131760603338318
0 0.6342038957998205 0.5185843545305169 0.04334366891652364 0.024605339045407182
0 0.4405505163564051 0.5341140970825526 0.04711513467018685 0.04401966170926863
0 0.7007820951233196 0.5174288774663163 0.04413909579736841 0.029894787488487506
0 0.6463529254630114 0.5206234810465803 0.05394058241400279 0.026538730284966672
0 0.6838597283722422 0.5166789384792534 0.048500463422074924 0.026448745494016768
4 0.3573415478334007 0.5313424686518087 0.008275729661506692 0.05612437341660492
