0 0.8575735953023997 0.5136251057810676 0.06227431332089217 0.028539078482894664
0 0.46001278550979263 0.5242180669409907 0.05019220115386053 0.03649714080230315
0 0.49936975725055716 0.518172478931694 0.014558828112075095 0.02106277634264253
0 0.47948921603244976 0.5161899875723058 0.013392307929813885 0.020386166642351045
0 0.28311829394069477 0.5322794271994151 0.07833402138740511 0.040900336465315434
0 0.3797218573100948 0.528246594579076 0.05889391950345618 0.0514670290171223
0 0.7595670636435975 0.5163709715908371 0.04412243121403736 0.028143998147445393
0 0.8177022107869655 0.524120347025421 0.06978831694576204 0.038107872843662016
0 0.7772730057206867 0.5168328391098985 0.06168175373927742 0.034586388822263
0 0.6465623239763545 0.5203099766465091 0.047965090726098 0.026940824167288824
0 0.43440515377300015 0.5464236428567881 0.03815794647196574 0.06131029285402956
0 0.7211248091693316 0.5192206862742954 0.04967108174068646 0.03299933848522485
0 0.6611740909169512 0.5227301749643871 0.060238365165868 0.02931956788108192
0 0.9472464124702926 0.5188906709329565 0.07177152630187977 0.03836667812365785
0 0.7008676642472289 0.5182411865315655 0.05387007524073073 0.028961138277917686
4 0.31466510308174644 0.5338373995312525 0.01120861453690325 0.0708459688805867
