0 0.8486470649920597 0.5124773452648823 0.05825150544230551 0.026957597599248206
0 0.4473678414871888 0.5236335032852106 0.051620872606857715 0.035419421655855765
0 0.4989769356065341 0.5182074376017036 0.015121592239574433 0.021133330712085896
0 0.48033381350491 0.5155191725829273 0.012793409240875964 0.019513402128500945
0 0.2995068698515386 0.5297230216753714 0.07120285299132184 0.037610763400610314
0 0.37631307656234336 0.5253457180720977 0.05419141918319964 0.046401974012427294
0 0.7665707268650468 0.5231595736675653 0.06172501896595339 0.035046118062958875
0 0.7607030872602699 0.5158052076798185 0.05703001919349937 0.03246833382253339
0 0.6385859816012391 0.5191958666665295 0.044970280664924034 0.02543212888270696
0 0.44032059573922633 0.537441650897744 0.04600644344930477 0.048786786227374423
0 0.7079560865392103 0.5180601204930586 0.0460678537426934 0.030988049407763785
0 0.651579822606396 0.5213659537700341 0.05614422911909711 0.027517499244385735
0 0.6898889403800106 0.5172322818775764 0.0503869631480941 0.027338109065509375
4 0.3436792235674757 0.5339890331155017 0.00938102714868122 0.06087442826182554
