0 0.3867473161064677 0.5185497125275518 0.042684197124986833 0.026517924592027065
0 0.48081908586534133 0.5178133465761009 0.03376897726056438 0.02143265764522373
0 0.4062875883827969 0.5178616625301585 0.037154354391480016 0.032443482562433346
0 0.5973125454460533 0.5190831966701844 0.037247315869801345 0.024963183666200095
0 0.44706065832531006 0.5228686920787575 0.037166049332276574 0.028456025025341947
0 0.6587898386629304 0.5137480708854014 0.03333357647607693 0.023529832698089725
0 0.6157554729239207 0.5162875639402462 0.04142083400750518 0.020851318518127826
0 0.11396180648619582 0.78973728898189 0.5187224234832116 0.5545976091171274
0 0.6864546901940752 0.5164470366840312 0.03697744378716439 0.025364961094007765
0 0.6478685157161349 0.5133862719829607 0.037627778417649305 0.021168465116314428
4 0.4316434882946256 0.5215937285543198 0.005019646423867874 0.0385969138787392
