0 0.4253612117145355 0.5219645321228095 0.0465735125256278 0.03221693308392204
0 0.4972068174155352 0.5182800264108625 0.019948899880161075 0.021258937944288014
0 0.48169088792113 0.5144424990030414 0.011839529116400738 0.01811702498745127
0 0.3240977532030888 0.5260232836022087 0.061119464119391065 0.0327743100571416
0 0.3844282482352355 0.5221179977817236 0.046842257197127424 0.0402368171246813
0 0.6941496282631328 0.5214831677938327 0.050831646889886284 0.0307280132904324
0 0.7353860247106663 0.5142411108921199 0.05015812401033404 0.02924459134601115
0 0.6262220569025299 0.5174714812618189 0.040414833275136175 0.023103066409081774
0 0.4384431790825589 0.5293758356354308 0.045516664700331944 0.03715136212654857
0 0.6878237759579902 0.5162904318794678 0.04071629293531598 0.02792434247197706
0 0.6369113979270317 0.5192836092171493 0.05000793251009017 0.024776023748926623
0 0.6728818138880681 0.5156726953574862 0.04511344198777856 0.024832921299757893
4 0.38012086282054697 0.5276461272133991 0.007317382461494937 0.049469782659631756
