0 0.40181061421882547 0.5201393862918728 0.04547137552452707 0.029380672779702466
0 0.49114522396514837 0.5178595417775753 0.02702880982367689 0.021256040834537582
0 0.3433126672873705 0.5231442533613458 0.0535007286539535 0.029038550120087603
0 0.3971317771769161 0.5196396789073426 0.041165489675060174 0.035697240999248425
0 0.6404240034693598 0.5200514801369855 0.04298250931284009 0.02747187259301631
0 0.7145529440043353 0.5129595089737973 0.04471724509626007 0.02660312338857279
0 0.44156820984903 0.5253281520858519 0.040944142692342755 0.03167870042315335
0 0.6712465037130652 0.5148374248438541 0.03645253414711114 0.02541180188894987
0 0.6248324200459419 0.5175719701061661 0.04506701310838823 0.022530981771933356
4 0.40844868847944826 0.5240703047167379 0.005897283260152375 0.043042275950832876
