0 0.96517874154071 0.5184556243625572 0.10421158834772914 0.04393397544206862
0 0.49796554978103336 0.5200377240963387 0.023442946288020183 0.03682124484625604
0 0.47253430582275086 0.5166871665620678 0.01848056953583488 0.02765437829019235
0 0.22710549224195128 0.5617510935127594 0.1635981713298273 0.08946214416038534
0 0.26863327539429066 0.6442133761013109 0.19549960630259408 0.2852026985196435
0 0.8818440922048397 0.5203364370704266 0.07544905589086714 0.042903609210610705
0 -0.021576781609112396 0.5562323603867609 0.20819929887589905 0.09073434121418389
0 0.9402763880847306 0.5222546280120851 0.11441759373857652 0.05559462473498705
0 0.7090499062771218 0.5048859801631684 0.02501449980787729 0.014272524494468142
0 0.649654755894221 0.5271012740590688 0.07224553728909544 0.04054355618836747
0 0.5205784769633497 0.506358912759732 0.01814228981290167 0.013572195203046533
0 0.8186711932801707 0.526612328507273 0.0869172896576823 0.05304257125230605
0 0.6572562838469871 0.5330574483056331 0.09453544857325291 0.04610418641884717
0 0.7759062125205041 0.523458144711752 0.0873523487909128 0.04464498775852843
