0 0.9239120032197479 0.5214629625456018 0.09190545803136552 0.04009835272720719
0 0.49623919870056377 0.525425180664782 0.027847773819322963 0.03755664640520473
0 0.4741617331932114 0.5204338152939144 0.01726155407435087 0.025955941140720862
0 0.24137101709217224 0.5552537868542209 0.1372415447472636 0.07231260318470911
0 0.36974920320619453 0.5730908819508501 0.08218765308082981 0.13634952214400609
0 0.851404763266 0.5230800179297579 0.06705903496206744 0.039354027535937974
0 0.053752983621328035 0.5518288952629656 0.16672474328685935 0.07586654752360933
0 0.8990869290484593 0.5244823954221348 0.09960192166991089 0.050353287332206065
0 0.7028850391007141 0.5095322005497496 0.024091168949303077 0.013848150048468844
0 0.6664764924557897 0.5289562840240982 0.06743808680379582 0.03752328086423751
0 0.5290075891908115 0.5106875357854624 0.01757547692244288 0.012805045444423957
0 0.8077279293385252 0.5280730091431541 0.07774345628874446 0.047726442331857744
0 0.6809143512289195 0.5339265690418947 0.08759106242257941 0.04215346309591972
0 0.7720306187566449 0.5255180495392241 0.07968745897144691 0.04096937781440957
