0 0.4179132633311624 0.5189723667513644 0.03546485451895476 0.01787645015836159
0 0.4279734279980021 0.5168390928469493 0.027958790565615177 0.025041378281446036
0 0.49277625858032414 0.5182786439426883 0.026500456250391213 0.018564720826418912
0 -0.10381684597328483 0.9880872269410244 0.8838944529810094 0.9391138443269785
0 0.41614286929024236 0.566765596346102 0.06641531971987158 0.08424517898661177
0 0.6274650883881865 0.5141257507019998 0.02582660428678396 0.018824053106274885
0 0.592929003360026 0.5161719829231448 0.0325140302514797 0.016659671149858335
0 0.452720630609285 0.5327729942632508 0.03316785016752155 0.05324818319173774
0 0.5677169653309886 0.5177290592967259 0.024393867613713538 0.019307804380918947
0 0.6202169165266546 0.5139719488269066 0.029739683168541475 0.01714899075757803
