0 0.4125283002967379 0.5209352121809927 0.044921548565430014 0.030304723857825788
0 0.49452869050300785 0.5179747097502531 0.0237871110644175 0.02054954576269452
0 0.48236686847303734 0.513906719189981 0.011368258338011417 0.01742419914253479
0 0.33531781933278826 0.5243408900244919 0.056642912601996054 0.030588292314046472
0 0.39184846923174843 0.520668809306363 0.043510751187370744 0.037581715178922614
0 0.6625630730296004 0.520652044582127 0.0461941669268352 0.028806866522162466
0 0.7233379256944008 0.5134993324254855 0.04698799388552877 0.02771573664919702
0 0.4385807359323999 0.5267900503524718 0.04310890033960091 0.0335962140506495
0 0.6782380484588011 0.5154497723693044 0.03823504471282768 0.02647035040430068
0 0.6299268860157072 0.518293526986197 0.047138526432339733 0.02347647247688911
4 0.3990917317665058 0.5255973326361536 0.0062963597746228395 0.045781526088355284
