0 0.38940639836298285 0.5188818226864867 0.043525092656129194 0.027036098649018347
0 0.48385346156219833 0.5178388414258579 0.03215953221132989 0.021453247168934042
0 0.40415493730971724 0.5182752183037735 0.03808267188572434 0.03320005173967411
0 0.6074573637725131 0.5193357130317009 0.03859705773256894 0.02564125778502302
0 0.44578668305019753 0.5234375269308823 0.03804372370116077 0.02919885351208862
0 0.6617310462587421 0.5140050888443846 0.03406341781009514 0.023973718242727537
0 0.6178987286762395 0.5165906905975597 0.04227657868430379 0.021247336631771585
0 -0.33934664169695894 1.1766336472717656 1.3624332297378638 1.3233782627811599
0 0.6979952728958917 0.5165963994362721 0.03829467113334495 0.025995704217719462
0 0.6504290546174016 0.5136199229097389 0.03837924437184337 0.02154248113083923
