0 0.9177117373388899 0.5210947413601967 0.08995462923310005 0.039389255071994866
0 0.49571932580616457 0.5253529558037893 0.028662739217747535 0.037284417037711015
0 0.47443841087156946 0.5202128666365825 0.017056726406320444 0.02566392449084698
0 0.24375784694186825 0.5536167888253646 0.13318743506703434 0.0700332152854588
0 0.37345454207480044 0.5675306941038557 0.0837412575478721 0.1257281721334611
0 0.8458539368819085 0.522707955328492 0.06564541546254432 0.03871222402850072
0 0.06187537072366235 0.550359511500508 0.1612391442804971 0.0733482180102284
0 1.0276523318530848 0.5232940081225947 0.11677885538503563 0.042768707909753734
0 0.8919086712168531 0.5240270220949433 0.09718646554368238 0.04941467431616986
0 0.7017979644305139 0.5094809532089276 0.023934268021256644 0.013772672424153809
0 0.6673667351864424 0.5284236045439241 0.06647307706986427 0.036972676939769245
0 0.5304014880921559 0.5105895841770589 0.017470331349553447 0.012681734366794983
0 0.8049577201773361 0.5274913304274744 0.07617237824506484 0.04686560139746543
0 0.6836313907745143 0.5331988205611246 0.08630676471722176 0.041411141747818014
0 0.7698174904932336 0.5250446674526087 0.07828890260603905 0.04033009031304835
