0 0.4890218748393813 0.5178504463700688 0.028715817927519482 0.02134945343967376
0 0.3470258785903622 0.5225891101770894 0.0520548812675834 0.0283210416780888
0 0.3995845452995346 0.5191627081532486 0.04008436605684634 0.03482413162290843
0 0.629121314638134 0.51980044405992 0.04146038052370893 0.026867764728152554
0 0.7104148755472427 0.5127055311355777 0.04365952985559063 0.026079655086898357
0 0.4430455059731591 0.524664819505392 0.03992943919660297 0.030806735755922077
0 0.667952654119141 0.514549161443004 0.03562069705308668 0.02491364944834662
0 0.6680365851795268 0.35201113697980857 1.4402105359811002 1.268862538445226
0 0.7226351423668662 0.5168941307168272 0.04116779358011047 0.02732323871646969
0 0.6558254806971788 0.5141126550076163 0.03997407875137149 0.022331568153895476
4 0.4146846871633053 0.5234029616934714 0.005659674724280139 0.04184428610237878
