0 0.8539690571834105 0.5131471142797159 0.060609937716062046 0.02789233897135085
0 0.4549600949183642 0.5240239888370177 0.051138776402833985 0.036157459131672565
0 0.4992244005919787 0.5181866667962713 0.014572218724045127 0.02109692027083332
0 0.47983558046550023 0.5159147936236131 0.013146194625354879 0.020027869926907194
0 0.28973816855743434 0.5312029987476911 0.07532288504134743 0.039549625732482774
0 0.3782780565856789 0.5269697209279938 0.05695042216262314 0.049263570832490555
0 0.7578541511208112 0.5158537819250404 0.04305231011432664 0.027487870882740628
0 0.7963586867134167 0.5237478546491298 0.06637066808811465 0.036856687044899195
0 0.7703982428930829 0.5164061067659289 0.05973700527960757 0.03370684771219662
0 0.6432639557360578 0.5198491208545764 0.046721380858196215 0.026316375919487434
0 0.4375981705796246 0.5421766638128367 0.04110675272799724 0.05562401454113275
0 0.7156619269833244 0.5187389574694043 0.048166487049012274 0.03216428942335747
0 0.6571940561789273 0.522164045156023 0.05853227759802371 0.028571161838874093
0 0.6963271147115413 0.5178237284439305 0.05242205689596835 0.028289343075209805
4 0.32697853366986984 0.5317360804624112 0.010399543455401616 0.06643968394719046
