0 0.47239976810165074 0.5176006731590213 0.036199106205523246 0.020633582168677722
0 0.4112259003645209 0.5169146133291301 0.03501880960261006 0.03069479608079284
0 0.5737403448818443 0.518357516899445 0.03407374940961361 0.02307062571616303
0 0.4499983283588038 0.5215700148511635 0.03513929487251671 0.026754029343093788
0 0.6518847485396746 0.5131541939690629 0.031636155376644215 0.02248885851956106
0 0.6107236777616001 0.5155853015247631 0.039424359474567905 0.019922971628728692
0 0.323339916247962 0.622052516994207 0.18275640033279703 0.22957655053650106
0 0.6596092838084262 0.5160554585706263 0.03402056193931324 0.024029582874511513
0 0.6418331999133324 0.512844947206223 0.03586994030653323 0.020287884165436587
4 0.443453814634344 0.5202835446112594 0.00455473409296292 0.03622915968237339
