0 0.43732610041261505 0.5229587398254312 0.05029648338096182 0.0341402579656932
0 0.4986019876107578 0.5182390833962713 0.016985290250800755 0.021220959457603716
0 0.4809610013730543 0.5150214023329452 0.012351276902040187 0.018867145181521883
0 0.3112357523251913 0.5279562567642516 0.06634692243293056 0.035296196115429224
0 0.37708837630678094 0.5237278241601266 0.050748622144772215 0.04334998625690123
0 0.7310603491878129 0.5224163221489047 0.05637050944777522 0.03294892430402041
0 0.7488091455047358 0.5150694885181515 0.05376612397179681 0.030951947748562414
0 0.6328043086186859 0.5183891109017522 0.04282690187947302 0.024341556476149884
0 0.44038531374044876 0.5331996869521485 0.04692933125176196 0.04268731718651364
0 0.6984997213614603 0.5172281865234469 0.04353049903164963 0.02954731043501424
0 0.6446900218763121 0.5203873587491515 0.053243424987040266 0.026227757299865262
0 0.6819343690218558 0.5165023302136521 0.04790193255891717 0.026165011181877418
4 0.3617867573889927 0.5305161576373079 0.007116312690725601 0.05463832210763109
