0 0.8558025576369894 0.5133812781227388 0.0614341645959795 0.02821603941437867
0 0.45749175596722025 0.5241271976061884 0.05071955174639381 0.03632960580638378
0 0.4993182189621098 0.5181795842508523 0.01456713791365255 0.021081919129905424
0 0.47966387398695504 0.5160512065972914 0.013268118662607575 0.020205432400655088
0 0.2863579639164064 0.5317310728981441 0.07679991437050218 0.04022692633539038
0 0.3790306536453273 0.5275950229667894 0.05790897458011168 0.05033580396387649
0 0.7587021227097193 0.5161099829592811 0.04358070616302867 0.027811453895603133
0 0.8069177020049609 0.5239309652580031 0.06804856099614265 0.03749786081708617
0 0.7737924341381625 0.5166167251451672 0.06069454261471385 0.034140954510245125
0 0.644894358422784 0.5200768968400544 0.04733521737463897 0.026624941477101927
0 0.43615469029814247 0.5441756509908234 0.039562244876905295 0.05841513999855219
0 0.7183591823253126 0.5189767564060181 0.048907623598499206 0.03257646453068841
0 0.6591591749071144 0.5224435309662838 0.05937328128199015 0.02894053133604868
0 0.6985714186776316 0.5180300339858037 0.053136462704158394 0.028621300386970527
4 0.3209946081696681 0.5327496778612177 0.010762799102805864 0.06856511036817026
