0 0.42034574088811705 0.5181433987023286 0.03561477630267679 0.018201061412306707
0 0.42738002968187006 0.5160075019748206 0.028166826381963272 0.025100175005118075
0 0.495879318385934 0.5174367055685374 0.02664899456260733 0.01870948654666904
0 -0.9967560591079541 1.7867718221848756 2.602639570416275 2.532648048631044
0 0.4594810706602172 0.5195465191612145 0.02856513079455103 0.021368407899883812
0 0.41039523807766276 0.5702594540959477 0.07222592125692273 0.09083344522395564
0 0.6283469066560733 0.5132528373447414 0.0260280427397499 0.018955038381765266
0 0.5935712570110947 0.5153130268868173 0.03275745804134189 0.016775971274500256
0 0.451110934525084 0.5328552399598655 0.03455119086445263 0.054933071853664917
0 0.5711239118613335 0.5168486187990757 0.024751665601689066 0.019561270488937743
0 0.6210048645133279 0.5130952987625265 0.029955933138799407 0.017262135652224675
