0 0.846935837502163 0.5122641070246918 0.05750321629986754 0.026659538644852654
0 0.44484206889697386 0.5234793919847098 0.05148909845400923 0.03513024113555774
0 0.49893675316010144 0.5182142767129424 0.015553204325207404 0.021147720634254963
0 0.48049443166407085 0.5153916500774146 0.012679956930656155 0.019347727954537097
0 0.3025737348108568 0.5292606651833668 0.06992492397058375 0.037004174505111065
0 0.3760560765149401 0.524873534065136 0.053313853974475744 0.045560575075689225
0 0.7572422543562434 0.5229744855778036 0.06029857567190844 0.0344844893994799
0 0.7576241210860384 0.5156146012642452 0.05617907938763145 0.03207547555763518
0 0.6370938122733137 0.5189875930015848 0.04441490617855903 0.025150430385723732
0 0.4405862164789896 0.5361900782120859 0.046905177916592766 0.047004898726944355
0 0.7055084297861991 0.5178446708415144 0.04540708062691967 0.03061485258993346
0 0.649796497676576 0.5211125767974457 0.05539025879430659 0.027183324687505728
0 0.6878357146736915 0.5170437860626385 0.04974242702318332 0.02703508436197488
4 0.3477556285600473 0.5330810051274857 0.009063241176316184 0.05924448319809328
