0 0.8880000055673729 0.5176966723793047 0.07671554939114278 0.03422016995384203
0 0.487587204475465 0.5247140963216763 0.03755221245779211 0.036998102961765755
0 0.26002824241849937 0.5425902659592777 0.10491657233182727 0.05474618555597899
0 0.3833082663367544 0.5421577707726783 0.07567976201381771 0.07748832036765718
0 0.802811527227723 0.5198318174709656 0.055067488497381634 0.033757244499474925
0 0.11682525417309032 0.5400983570768101 0.12470819647338457 0.058448673996419065
0 0.9992332672373578 0.5279552941382888 0.10395938156828899 0.04943319249335809
0 0.9818898640140776 0.5190465079020434 0.09733138555936549 0.03627986362996405
0 0.8373203370337798 0.5205828298356086 0.0795572710920538 0.04231561177022869
0 0.6705828788063208 0.5243467192912596 0.05857628650828295 0.03205946426104955
0 0.5428375238391909 0.5098155592740173 0.016540058591392737 0.011707350317855747
0 0.2784092113781491 0.6647995338880855 0.22996419726400247 0.24625771362595072
0 0.7687935943547357 0.523441492199751 0.06339178504665499 0.04032793331397633
0 0.6904920795586706 0.5278575115617415 0.07511298752707851 0.03535774437231587
0 0.7396745722866569 0.5218207667379584 0.06667650949558956 0.034734704071277434
4 0.13473922774661384 0.5647333110727281 0.02679141268939414 0.13563200660102587
