0 0.8853693034995962 0.5173586986777637 0.07547861449697446 0.03373831968536645
0 0.4862413680526895 0.5246857537299587 0.03856843526489129 0.03722683678746963
0 0.26139965325059134 0.5416467851908702 0.10249429324637563 0.05345159350199202
0 0.3834310698667127 0.5406456850474328 0.07430441112498481 0.07462787346664801
0 0.7986818154428548 0.5195567029422588 0.054088371618138065 0.03328387167228242
0 0.9826615740437719 0.5276176226555662 0.10059550954298979 0.04839876447108005
0 0.8321806147346058 0.5202602653620765 0.07796492480645456 0.0416507577069013
0 0.6698823179626869 0.5239773890388573 0.057752628402663375 0.03162135093133489
0 0.5442031778424629 0.5097400842930206 0.016439817346885155 0.01161231634972737
0 0.3124380645576962 0.6388126975962364 0.1836874177898563 0.20244477917057346
0 0.7647167091070681 0.5230793054413533 0.06217688570764779 0.03969822550278579
0 0.6894880255970814 0.5273864377574299 0.07392378175447945 0.034814693068993874
0 0.7364116234693381 0.5215189936247095 0.06557010532270813 0.034247069096239646
4 0.15817585735060424 0.5606988098888612 0.024497741754562208 0.12717201120809818
