0 0.959336107165077 0.5199261811858422 0.10246678878322102 0.04338001244877343
0 0.49780911009978074 0.5218930069505414 0.024147045930605793 0.03700982030452271
0 0.4727584498736938 0.518240656576995 0.018310362926464596 0.02742502958783477
0 0.22829740157038517 0.561660593155049 0.15986297523977538 0.08646420840031199
0 0.29500859267988033 0.6251791079206511 0.15354969639165977 0.2447733465544022
0 0.8787715980088422 0.5217273771897659 0.07436225033186805 0.042394875740692006
0 -0.00938686797688805 0.5566371539008343 0.20148535740316267 0.08875130331904002
0 0.9356086513845063 0.5235787274338155 0.11242144046714819 0.05485583999342647
0 0.7082221886397531 0.50654098929912 0.024883794478465338 0.014216290593386471
0 0.6539378045618465 0.5283996994197413 0.07175065516514356 0.04017928775848545
0 0.5220035040462747 0.507958470377841 0.018069551005780116 0.013452389270007914
0 0.8180192515109146 0.52784437380281 0.0857120350818793 0.052307242994769854
0 0.662250623137088 0.5342071057788335 0.09372990945024973 0.04562174134389174
0 0.7770745610820311 0.5247521224115632 0.08643664547119478 0.04414671176212659
