0 0.4203147275946093 0.5215454288297846 0.04574322895202848 0.0313292745329794
0 0.49632418304389203 0.5180723855409786 0.021401461991746862 0.02056304028671585
0 0.48196737303156434 0.514223287828288 0.011646439099239847 0.01783339439797671
0 0.32876444178847264 0.5253230955764385 0.059248069773711 0.031863505026665684
0 0.3875152510372425 0.5215145406982684 0.04545089086717752 0.03913100062561681
0 0.7474786016982767 0.5127394791686988 0.03683853818438809 0.02366915420880189
0 0.6808332248002485 0.5211434050165501 0.04888390598269221 0.029984933887202914
0 0.730413936325454 0.5139347894774899 0.04884203205014648 0.028613246020287364
0 0.6237683308645592 0.517129642074578 0.03952334035312177 0.022642234404913086
0 0.43801067768178475 0.5282119172530372 0.04463980764670106 0.035525610338248415
0 0.683868252474259 0.5159433873964487 0.0396871951577451 0.027323992255803287
0 0.6340292732535209 0.5188749500955607 0.048819797734295345 0.024239322743889624
4 0.3878740118372841 0.526818982643068 0.006853033872337544 0.04797809436111067
