0 0.41510195499630453 0.5211336357778418 0.04502848527903924 0.03055733121665083
0 0.49520492605874405 0.5179653378693416 0.022997042420735858 0.020593651819872716
0 0.4822356284310193 0.5140106579976353 0.011459509062678175 0.017558497404773443
0 0.33318975331352985 0.5246596920062623 0.05748592846388201 0.031001884761923004
0 0.39044155763468646 0.520943214559054 0.04413898943747335 0.038084331945348326
0 0.6683330046180367 0.5208162149026339 0.047055692199856614 0.02919821194083283
0 0.7256476924591839 0.5136414174277656 0.04759075827420478 0.028008584167035888
0 0.6214082323152823 0.5168009635369091 0.03866979334701581 0.022199418970488383
0 0.4382017322216725 0.5272252219544625 0.04363847565901158 0.034172498897719894
0 0.6800759766847142 0.5156108675003572 0.03870746619501941 0.02674890951181741
0 0.6312660599466584 0.5184833010997357 0.047686099799677084 0.023725367302791733
4 0.3954348247707489 0.5259974305652608 0.006424104914459439 0.04649944900083214
