0 0.89927822582318 0.519148557436242 0.08206302404846555 0.03629232547916561
0 0.49213209204447994 0.5248554670884577 0.03353357598593104 0.03643053897935444
0 0.4757374525188202 0.5191763450341136 0.016100743934365225 0.024296966150107457
0 0.25371360413408234 0.5468336080895512 0.11588108418006174 0.060613036999633385
0 0.38198759369172786 0.5502611397581407 0.08022379051186906 0.0928989100484191
0 0.09315033186696825 0.5440821839023415 0.1389461994972222 0.06434153010073984
0 0.9994126988878945 0.5207632515049325 0.10511282245101516 0.03944128657735735
0 0.8595772017973622 0.5219830822167544 0.08658699907394718 0.045201753960503854
0 0.67060547663787 0.5260001383000166 0.061925294181149226 0.03401763625295062
0 0.5373400256771901 0.5101373292697686 0.016947969450928246 0.012112405583495023
0 -0.3730716636262579 1.237479918669373 1.3508613492967192 1.3270045703155462
0 0.7863804223534553 0.5250141487422477 0.06873462237350592 0.04305241838376994
0 0.6911317197238145 0.5299630046165948 0.07999998392148944 0.03788901824982349
0 0.753682061383547 0.5231178667523029 0.07148722952893749 0.03683075159881988
4 -1.39794566803228e-05 0.5881711514495654 0.04187565607931312 0.18477908996652848
