0 0.3844521214738661 0.5181673989850888 0.04193561044883748 0.026239525988032475
0 0.4775291420464291 0.517754637494741 0.035036484142454194 0.021223522836372744
0 0.40832742067287586 0.5174678488121852 0.03626985594991883 0.0317206117669655
0 0.5875930881931712 0.5187976291852574 0.035929499405439436 0.024151450367404514
0 0.4482761687875696 0.5223282930157594 0.036327921901999904 0.02774993448214591
0 0.6559536775969025 0.5135017164299776 0.03263366523433664 0.0231020784583279
0 0.6136887437966476 0.5159967180772623 0.04059868210769457 0.020469782194639796
0 0.24184526702651205 0.6855392956831763 0.30469400305638783 0.3503034903036838
0 0.6753836099647292 0.5162870448451807 0.035745160004962195 0.02479066480041836
0 0.6453936699293579 0.513161896767637 0.03690468256466983 0.02080720825642579
