0 0.4348589318850895 0.5227703037915442 0.049682497908767775 0.03379485132991222
0 0.49841407377038943 0.5182524911714073 0.01751816823732011 0.021268832167864127
0 0.48111157587401654 0.5149019262697376 0.012245445853359682 0.01871220293626996
0 0.31395647989068665 0.5275469747455575 0.06523261122837093 0.03476130714999648
0 0.37819454085666904 0.5233920090189297 0.04991458601471882 0.042655446954787624
0 0.722997510668042 0.5222259193041516 0.05516639243812482 0.03247473456354
0 0.7460033710171808 0.5148961688652512 0.053005342554387935 0.030594720621818727
0 0.6314334798277532 0.518197934336519 0.04232210187189134 0.02408336025125779
0 0.44013206911305314 0.5323338237389914 0.04671430694663875 0.0414166890328419
0 0.6962685021176646 0.5170320738109209 0.04293793136199464 0.029207808466790275
0 0.64306434290638 0.5201565911325607 0.0525637721072133 0.025923974976349462
0 0.6800487766951808 0.5163294304864505 0.047317640680289874 0.02588729131124734
4 0.36607007580144263 0.529718913792839 0.006454121397968748 0.053187513468236025
