0 0.4228915022614378 0.5217551428012606 0.04605147962468342 0.031773107220456454
0 0.4967807995332418 0.5181712692918063 0.02063278949859637 0.020811531938057404
0 0.48183018269729605 0.5143320517874395 0.01174219533604648 0.017974092214307125
0 0.32646248823403734 0.5256684028151393 0.060169494140487945 0.03231250028990473
0 0.38599265320340226 0.5218120857929671 0.04613620037181537 0.03967620644910541
0 0.748096996538842 0.512899229080747 0.03722308092068105 0.023862598308734273
0 0.6874167249898225 0.521310811585287 0.04984198705623433 0.030349875481219257
0 0.7328734644921007 0.5140862802538714 0.049491684341993025 0.02892547927109873
0 0.624983145485404 0.5172988676631476 0.039964188998697026 0.022870330336952183
0 0.43815415357024823 0.5287697809224574 0.045094731497047735 0.0363025483320385
0 0.6858249561359153 0.5161150352225232 0.04019534749214404 0.027620905994984013
0 0.6354549967645791 0.5190770848552622 0.04940682103631022 0.024504736768065416
0 0.6711783626723424 0.5155167098599172 0.04459343801036686 0.02458260973055848
4 0.38399775578235495 0.5272305045713569 0.007116774159108663 0.048720946836598555
