0 0.3992360765874625 0.5199305419552553 0.04533539881659743 0.029005945273989808
0 0.4901226408541995 0.5178508665061422 0.02787325620191694 0.02134348115930096
0 0.3451916079783317 0.5228633053588568 0.05276806094633585 0.02867531550791025
0 0.3983730268441399 0.5193982560350903 0.0406177997742147 0.035255284086067706
0 0.6347931629835166 0.5199224214717699 0.042216601840369905 0.027172110455927823
0 0.7124638153201548 0.5128312597775546 0.044182285268543287 0.026338789763143022
0 0.6148391949140366 0.5158867059464872 0.03631428668181769 0.020969094355762774
0 0.4423163839497568 0.5249920716313214 0.040430431726242555 0.031236658477813317
0 0.6695836417157999 0.5146918757150346 0.03603194147811006 0.02516026159856599
0 0.4518321191947097 0.5426608004455178 1.368572018052705 1.205696261850083
0 0.7291450173254841 0.5169560059472414 0.0419407767647334 0.027662945118567928
0 0.6572356896307744 0.5142414824313558 0.040393312471159515 0.022537954441941288
4 0.4116109290818431 0.5237320205897154 0.0057779988490483936 0.04243501369749014
