0 0.3831749784761574 0.5179897392067444 0.04153664361132825 0.025854897750549277
0 0.4758296436705532 0.5177094058152603 0.03551179706545371 0.02102598637359976
0 0.4093145004213713 0.5172787462748194 0.03584308762607086 0.031371128163660944
0 0.5828824401857742 0.5186566172770848 0.03529209379057596 0.02375592793958481
0 0.4488633570611077 0.5220689460973504 0.03592287217477724 0.027409841433160942
0 0.654573381477532 0.5133831833360406 0.03229438996480871 0.02289398215224292
0 0.6126829329406484 0.51585651439479 0.0401996133962812 0.020284200936670715
0 0.27710147147206354 0.6577564406388852 0.2500490580266586 0.29692534380626245
0 0.6700179574501347 0.5162077446343631 0.0351546749859275 0.02453203209086252
0 0.6441871733377498 0.5130538612585478 0.036553298620880637 0.020631164601947805
