0 0.4045375118824324 0.5203461632253283 0.045457261699533236 0.029733782610009474
0 0.49207251587649903 0.5178810465924732 0.02621834488255298 0.020877145064465474
0 0.3413876717448482 0.5234322142336117 0.054253676449470434 0.029411093380596
0 0.39585996422367886 0.5198872063589044 0.04172800342936456 0.036150418297855924
0 0.6459851048774252 0.5201900041497671 0.04376041036969147 0.027778021631407523
0 0.7166837091476128 0.5130903602967498 0.04526484730036351 0.02687281665735919
0 0.44080052906526757 0.5256734318473422 0.04147107250265469 0.03213338466388238
0 0.6729424319523236 0.5149858992371468 0.03688280485321649 0.025668422175903594
0 0.6260681884621015 0.5177469527780971 0.045567843219254445 0.022760145606084192
4 0.40525040230953674 0.5244238151290475 0.005954950221950472 0.04367543029757204
