0 0.8608780821908726 0.5141415001192977 0.06399278851277468 0.02922669723093707
0 0.46492793662370563 0.5243634947849278 0.048828349833962004 0.03676741967619035
0 0.49905039402527285 0.5181585997685356 0.015120611091603509 0.021013990298794583
0 0.4791306380002721 0.5164749033769567 0.013647743288185021 0.020757494357054984
0 0.2773816372145844 0.533407581150651 0.08149154428521233 0.04240655340635868
0 0.3808790103301397 0.529573266420269 0.06096182287942825 0.053984798234024134
0 0.7614990006923816 0.5169016433277417 0.045265804457647274 0.028896274725262794
0 0.8395529437419202 0.5245388284047565 0.07345523686508859 0.03940129045193019
0 0.9482234955659903 0.5145107936123008 0.08024381803660796 0.030753282354921252
0 0.7845066552576302 0.5172824351342769 0.06375067658801759 0.035513056692810796
0 0.650016111530657 0.5207928043960461 0.04927547676769328 0.02759560362525193
0 0.42642445929411577 0.5516688266534344 0.04282237611238665 0.06833334367455723
0 0.7268716787336453 0.5197279101101628 0.05126899438273724 0.03387888920966142
0 0.6653609218270196 0.5233260641384592 0.06204495297274315 0.030108195956802697
0 0.973243215829077 0.5191152677792295 0.07589078541245464 0.03966194722443883
0 0.7056232116057967 0.5186787304657985 0.055398023625962356 0.0296656019778877
4 0.3005798119374159 0.5362535842313109 0.012246048322505143 0.07591249951632945
