0 0.6975914533273351 0.5183189079272777 0.04874945597618108 0.03264339475636491
0 0.4800106983028785 0.5108959256059236 0.012897672029475782 0.02383692734709275
0 0.6852807249182506 0.5196955458511239 0.04822987923856714 0.025151840824337857
0 0.6333838497568989 0.5189891487902635 0.04592946153604205 0.02710716198571217
0 0.644887007548333 0.5232492668874279 0.046839689920243455 0.023260633112759832
0 0.9399277926304348 0.5214132700769673 0.060111341754871206 0.027111247466860222
0 0.749623919400518 0.5206278243364649 0.04684956658231387 0.029762325751619745
0 0.5331371960994344 0.5288120946398256 0.059914969603814705 0.03728197217017726
4 0.599084069065638 0.5240847957387651 0.005473544915926554 0.04307364837851502
4 0.891633355221718 0.526380843918071 0.01172666088056995 0.05522199674281597
