0 0.6191265751558684 0.5115990599186004 0.027186002702504153 0.019496891456013743
0 0.48640318852795567 0.5079815403637152 0.008496971206877202 0.01611093904158384
0 0.5831537497300359 0.5124147181690409 0.027183733904454388 0.016713766808456265
0 0.5875039559394128 0.5146309902309183 0.026787489570863188 0.013806890567155228
0 1.1107115246393757 -0.04117455754588767 2.184928095933013 1.9480036486756234
0 0.0016679075262082434 0.5209119595819426 0.07396223777022057 0.03029787310932619
0 0.7556462716531992 0.5167789150678733 0.0420380296004117 0.017946108781721648
0 0.6512981704299824 0.5129544220993485 0.028628920226637433 0.017552545944918285
0 0.44076918322149383 0.5158381326803176 0.032294074675849826 0.019400070302920347
0 0.8451747827593133 0.5159364498631209 0.042998570533733904 0.01992298832324857
0 0.28095567807894883 0.6712085726267754 0.26349209835475484 0.2654891410378276
4 0.5855549030919134 0.5236184546887437 0.00603958216951439 0.048076328876017205
