0 0.6136700001437168 0.5211017176969601 0.02583698756299513 0.018588165841504467
0 0.4869102419231116 0.517744353432334 0.008158021928356018 0.015510627592730697
0 0.5835109690658314 0.5240155854523779 0.025487284118852926 0.013182834207499328
0 0.09385735137257398 0.8518570772326465 0.5450301197954521 0.5449721692209477
0 0.03796797307183216 0.5298489156230513 0.06509545358041409 0.028031529991297544
0 0.7197666268449787 0.5258912087803156 0.03869892457934676 0.016978253088616113
0 0.6444228660992967 0.5223743805808211 0.027391348886005362 0.016746449318056023
0 0.42254564243038045 0.5251999094467666 0.03132018606871456 0.018455818018773273
0 0.8047129394356466 0.5250428126912494 0.03941810030662718 0.018846784403939165
0 0.3644822048347969 0.6151824880166445 0.14105656829774477 0.15056478198451761
4 0.5730091533666914 0.5305768379456792 0.005084683041808868 0.04110209639294593
