0 0.6348960896107353 0.5124652682620776 0.03129010231438123 0.022120178487665676
0 0.11855301811905429 0.5138205466529184 0.040790798994305016 0.017814782445843336
0 0.5990521739698922 0.5158837200918021 0.03066430383092278 0.015682561748993185
0 0.916343962164724 0.5145811740533632 0.040314031152151375 0.018287536870023824
0 0.8543889915358921 0.5187961512348492 0.05281730494282222 0.020924880210822838
0 0.6711452428626707 0.5140094449001125 0.032328420610546305 0.019963162022394343
0 0.4876516831580009 0.517642704679621 0.036186259226409445 0.02251649384737664
0 0.9578192041937845 0.517841685795842 0.05458810041172513 0.023237048947126526
0 0.08258314622023624 0.5144097601740942 0.042063959720009494 0.01840751746246927
4 0.6422852217583653 0.538174262994947 0.011264121619193546 0.07992602154199441
