0 0.722857921039646 0.5207023174717219 0.05630547327642588 0.036927737995446686
0 0.4810508474971343 0.4966707763863533 0.014107203777097066 0.024489888161858375
0 0.4782497386779315 0.5118779706864262 0.01415416762723759 0.025981384147915454
0 0.7069173583019719 0.5220218504259075 0.0549528958765495 0.02820186459625018
0 0.6488613833091841 0.521217897781697 0.05205449359958225 0.030354320899379394
0 0.6633216425842126 0.5262281871873826 0.053697116529541455 0.026365679736932823
0 0.9491717289026543 0.5241761453706744 0.06832459177617767 0.030710708090172623
0 0.7810549183407068 0.523329475447057 0.052612210700254236 0.03380584767239403
0 0.5392708072682141 0.5340900074894972 0.07108503150690049 0.044371977128372264
4 0.6111433429939621 0.5269901310648029 0.006368354304657653 0.048287519180235994
4 0.9536772723887526 0.5326949507842997 0.015764168717489535 0.06846533189043424
