0 0.4780970461493839 0.48272238881184515 0.012745887269028366 0.027049445757044377
0 0.8215853939839706 0.5301181831925329 0.08867428359994323 0.05390616038118412
0 0.4770018899760267 0.4960739709421984 0.01744798549158144 0.029571640208972072
0 0.4724135635314702 0.5151617957572056 0.01845246502373321 0.03313652265065059
0 0.7875237915696133 0.5307467841664048 0.08198677325670056 0.039774082196367466
0 0.7063424159589302 0.5295518780785994 0.0762305171719303 0.042596926000181945
0 0.7351483040629423 0.5378948155677136 0.08232503818623971 0.03877461346328337
0 0.47530078248977237 0.5062675587777778 0.016013982126174164 0.028814532452175246
0 0.9027646127641324 0.5340515536963623 0.0746397610242523 0.05012957208533764
0 0.5857524502888918 0.5609808146838279 0.13085851276553695 0.08211924142036597
0 0.48116347056016145 0.4620530839612805 0.011108120134331934 0.024980050387299002
4 0.6023109496962558 0.5184895530574458 0.005602714898010119 0.03865904359427952
4 0.6576750221081906 0.5385689447255784 0.010070763747660805 0.06909051861185411
