0 0.6243171942107228 0.5112008455560213 0.02852727447259007 0.020359381254889675
0 0.48592981460028983 0.5073592874991846 0.008814013873942594 0.016678602237473028
0 0.5865817357383512 0.5120226231521086 0.02841021526412324 0.017416294465591342
0 0.5913053874443408 0.5143592212757208 0.028054196265974385 0.014421242662248535
0 0.7873836523323943 0.5167462321397438 0.04537250425950312 0.018906322002156473
0 0.6578350753197215 0.512619451936078 0.029845098417243587 0.018341674680293463
0 0.455722659055828 0.5157181214713444 0.03338913195494536 0.020386913794559702
0 0.8814088839165072 0.5158703059996719 0.04658993867170169 0.020990243865594227
0 -0.013866360587089455 0.9180341257460798 0.7792539146021972 0.729480743871224
4 0.5997578043324061 0.5264818493135941 0.0072505482559316325 0.056023374109309965
