0 0.6359480473807694 0.5125593784323106 0.03156783903105431 0.022295455603378866
0 0.11291114645758288 0.5140248802931489 0.04183507189872977 0.018093558377431096
0 0.6306434543833861 0.5138614615597243 0.032264048023935565 0.01755485341735097
0 0.5942079271209686 0.5133871214381701 0.031161353647117362 0.018982445154006822
0 0.5998223198325427 0.5160036003804207 0.03092572018845463 0.015808198321407452
0 0.916729551957367 0.5146910256261179 0.04061591419530097 0.018432361753750737
0 0.8611783774947095 0.5189717523785459 0.0536042810501024 0.021130159215618338
0 0.6724676669011993 0.5141161092404427 0.032574649266416844 0.02012481585003123
0 0.4909154736748531 0.5178068323668737 0.036528068426238514 0.022734666526849523
0 0.9655594303232908 0.5180092836148202 0.05543110282592334 0.023464950152255137
0 0.0760324565154581 0.5146359877960809 0.043208941629344244 0.01871247933239717
4 0.6480033712899209 0.5397079554931887 0.011847102229340267 0.0831512322316511
