0 0.6167375442971642 0.5142279973235029 0.026580621014205885 0.019132843886701
0 0.5857540923684474 0.5171596684358029 0.0262091104520491 0.013528176924294422
0 -1.306753163475272 2.1086523064111415 3.2384126419683925 3.0234518284412477
0 0.01781572802524223 0.5224358415786137 0.06992171194785507 0.029205869985230448
0 0.7410360676597774 0.5193916351738159 0.04057335447842447 0.0175376716772655
0 0.6482874579378068 0.5155902593202927 0.02807449861893907 0.01718017639221303
0 0.4337454898999554 0.5181418055891442 0.03181668643131347 0.01893746038572608
0 0.8285282019330165 0.5186682737896828 0.041424488055649356 0.01942045758983213
0 0.3269427537433132 0.6367595085821534 0.19381485141471058 0.20055697946407136
4 0.5799317037093739 0.5249985678879563 0.005582087251707724 0.04493743392672933
