0 0.7287074653383472 0.5212556474999175 0.05809724004174177 0.03792317394724465
0 0.477859567086398 0.5120961133814996 0.01443512828827459 0.02645743630701408
0 0.7118659280926158 0.5225548641209977 0.056522365549981024 0.028902753917473767
0 0.6523983991822213 0.521728142692228 0.05347723286773365 0.03109933595298109
0 0.6675864698131232 0.5269182558874301 0.05531220905102363 0.02708868853757307
0 0.9513019324795605 0.5248160473945814 0.07023379663337459 0.03154698246818022
0 0.7883153884813954 0.5239573611679934 0.053939045401606434 0.034749743904059605
0 0.5407803735340062 0.5353871570839884 0.07383801037174365 0.04612560725641823
4 0.6138971983281969 0.5276671440514171 0.0065663396388823125 0.049502982983906096
4 0.9697989315339666 0.5343395034383353 0.016891936369970995 0.07191464951795251
