0 0.6462108875536031 0.5135054347216701 0.0343047542676127 0.024007916464622858
0 0.05345818667769751 0.5162161370737826 0.05362114843506706 0.021058786372017857
0 0.4840192700655469 0.5086757391425143 0.010108253943157952 0.018980516183857044
0 0.600874009356182 0.5143290673436225 0.03359962632753832 0.020355344602184244
0 0.6073337353111938 0.5172003470518238 0.03349426259112975 0.017036724739492692
0 0.10156249055038513 0.5135317441385663 0.03268559981377485 0.017606920971198314
0 0.9286868208510869 0.5207487756554676 0.06174972843573934 0.02317909016061248
0 0.6853593011962058 0.5151851433565173 0.034972468573527205 0.021706983650146117
0 0.5194630576193742 0.5194625780812103 0.04021983183250183 0.025237532781362426
0 0.006278307665447963 0.5170841869635405 0.056328314845162514 0.021990743855997308
4 0.7315176646511741 0.5623106870226406 0.0215299034555273 0.1305810583131785
