0 0.6953764748107549 0.5181104854654502 0.048101280435990934 0.03226900449496162
0 0.4801711648177831 0.5108066169118066 0.012784132742685583 0.023641808648106166
0 0.6833634197014264 0.5194897363850712 0.04764507545581953 0.024882709115008228
0 0.6320113218612948 0.5187918278312571 0.04539423881824345 0.02682023374143916
0 0.6432699104704611 0.5229882622042081 0.04624777046777806 0.02298982618709755
0 0.939112078835971 0.5211710959284221 0.059393856632185105 0.026796647231089432
0 0.7468631268780268 0.5203917910192213 0.04634195175771694 0.02941045094535444
0 0.532627502475753 0.528373012575021 0.058988006205963894 0.03669544891189258
4 0.5980255282126334 0.5238271433204825 0.005362180759179047 0.04261190356196942
4 0.8867141078710192 0.5258812322811489 0.011427102980925197 0.054174101138185604
