0 0.702175512282502 0.5187505291433563 0.05009821539661585 0.03341885335956729
0 0.47968173595513564 0.5110790685314588 0.013130971331791641 0.02423701750663476
0 0.6892381228835969 0.5201205274039761 0.049442604353714725 0.02570794223292805
0 0.6362162598529754 0.5193965290288955 0.047038095849989636 0.027699829098068562
0 0.6482331525359086 0.5237895204346525 0.04806947183638621 0.023821817119856092
0 0.9416123386155966 0.521914478645747 0.06159786966032721 0.027762843101705514
0 0.7553348487410789 0.5211167348043768 0.04789889014479298 0.030491903204168724
0 0.5342056946053203 0.5297324423135896 0.06185909860367289 0.038513029060604165
4 0.6013390019115566 0.5246279893360994 0.005641069268469634 0.044048308973935635
4 0.9020608992043043 0.5274403849317256 0.01237163745371106 0.05744429956887487
