0 0.6141509891272119 0.5213070319058429 0.02595974438328974 0.018666029700774356
0 0.48686855102028687 0.517937025600594 0.008187844236754227 0.01556411351862208
0 0.5838643375133548 0.5242347617015821 0.025603717832479833 0.013241159972805061
0 0.04095234714280985 0.898958528095356 0.6381078403680753 0.632158062254715
0 0.03488330755434243 0.5301828618086488 0.0658531519505718 0.028236853478567414
0 0.7236378943327437 0.526120783630824 0.03901645650129326 0.01706813231481652
0 0.6450287397604393 0.5225832429479347 0.02750566392851983 0.01682032807472611
0 0.42474335407690944 0.5254413385796257 0.03137764210019778 0.01854556986337852
0 0.8089704129347788 0.5252626870423547 0.0397628770376538 0.01894379832157278
0 0.3596719313021893 0.6192704505118534 0.14759206176840134 0.15695653177827407
4 0.5741165099149219 0.5310453939157769 0.005175863891557442 0.041716779811247995
