0 0.6199660573683274 0.5113242164066887 0.02740249525581795 0.019633873582187933
0 0.48632576258789045 0.5076826991656013 0.00854884718432991 0.016202639915502914
0 0.5881186586063684 0.5143793336206485 0.02699148646336358 0.013907823918277495
0 0.769659113993753 0.26238883428817605 1.6762978688803627 1.4962505335730538
0 0.7607288743210254 0.5165497646455521 0.042562207728713886 0.01810247715848734
0 0.6523557001657605 0.5126871195068143 0.0288251993912938 0.01768070737413463
0 0.44316909179877695 0.5156210764523024 0.03246923207162983 0.019557667575184845
0 0.8509790789762881 0.5156942512661506 0.04356411358294687 0.020095695615645837
0 0.2586324398074705 0.689144030820934 0.29896632376786353 0.29816586774888354
4 0.5876458189364961 0.5238132911389501 0.0062127516534243865 0.04924570470750933
