0 0.7994673452196492 0.5279945467164489 0.0810304964399341 0.050069686843913774
0 0.47779308025070955 0.49618724278856735 0.01678649360036527 0.028582828154095963
0 0.4735950277140261 0.514493486632691 0.017565864308210055 0.03168224936292985
0 0.7699899489276859 0.5288411893633682 0.07584044396500356 0.03722854783087404
0 0.6938629821054323 0.5277349433389593 0.07079127767560511 0.03991454891201418
0 0.7190855638564492 0.5352774902767725 0.07566024964775653 0.035956771872665994
0 0.4762387682971627 0.5060152060723593 0.015342671461563373 0.02771694713884376
0 0.8756525763439629 0.5316260487683473 0.06977238892205107 0.046399694028714134
0 0.5642965769987218 0.553872582814353 0.11367261566078113 0.0719290911359145
0 0.48179496095330965 0.46138889009173234 0.010679129253852448 0.0239470221333003
4 0.6474241798121718 0.5360058571641013 0.009202757255246108 0.06448288835688665
