0 0.6208183174858974 0.5111734703462585 0.027622712275428785 0.019775911498743026
0 0.486247639523897 0.507493076732415 0.008601048005754008 0.016296261981624982
0 0.5887427214294425 0.5142486929130698 0.027198666425875095 0.014008067402832447
0 0.5501792412253096 0.45839694373583967 1.5103271561541634 1.3495329889810685
0 0.7658987214627723 0.5164606566476765 0.04309946940612308 0.018258779385940338
0 0.653429113438807 0.5125474455684856 0.0290244557366498 0.01780973933974095
0 0.445603189069389 0.5155107735233591 0.032647966073872714 0.019716392132690053
0 0.8568835089641382 0.5156015001585263 0.04414344426636552 0.020269188808346716
0 0.23086513031962252 0.7117897330993256 0.34431918176380083 0.33963494895025637
4 0.5898422892957405 0.5241568997129092 0.006395612177736321 0.05047366442726614
