0 0.4766348016354428 0.4750439334862372 0.013714195872942925 0.02873409294485152
0 0.8761381450208411 0.5284819805108443 0.10877413932995172 0.06337084061334025
0 0.47526358421967363 0.48923153494703187 0.01891733189263145 0.03171560742107066
0 0.4697518722406624 0.5100064336221205 0.02048699290652678 0.03638265997145984
0 0.8295196882730802 0.5285005697666516 0.09746183821541887 0.04587440658376385
0 0.7361863342374311 0.5270896583888147 0.08979336897698431 0.0490063972514001
0 0.7746555738592542 0.5374557861192278 0.09949729844187905 0.045737212007703754
0 0.4732197828843558 0.5002036235161578 0.017524775530260883 0.03122540053754297
0 0.9691963543844092 0.5331905003410401 0.08652536180416726 0.05937974168199678
0 0.7102039638753286 0.5750517717957033 0.19684730306596543 0.11271180786069401
0 0.4796233341757231 0.45806442347841103 0.012276469667140966 0.027687611735427553
4 0.6270511815925502 0.5137136035597617 0.006361877753550571 0.04277674436787954
4 0.6785664868854011 0.5369209144718551 0.012279931748055417 0.07878318317039801
