0 0.6160198691119564 0.5150117050851992 0.026403276246911966 0.018989941429354285
0 0.5852317668124163 0.5179586194781441 0.02603766429708676 0.013435750166420402
0 -0.4677761995125398 1.3441420167484135 1.592561898627023 1.507304724173647
0 0.02268733607946516 0.5236318093052389 0.06871982061810822 0.028937028879816307
0 0.7364451299986019 0.5200233825487975 0.04013589740883461 0.01737618822210485
0 0.6473812150997764 0.5163376077527877 0.02791143718355682 0.017081577847138374
0 0.4314673572879586 0.5190522361426311 0.03167538979894868 0.018838695648761283
0 0.8233267905038395 0.5192266516716271 0.04095466625533606 0.019291380247866363
0 0.33750243393692875 0.6295204283279047 0.17853836427262823 0.18618569439202348
4 0.578295934985428 0.5254807058904291 0.005463998089052846 0.04402228619138859
