0 0.7757634615226161 0.5257277259557414 0.07308952054759443 0.045979113145265815
0 0.4787084589174926 0.4963203122644007 0.016026383803870392 0.02743627300231133
0 0.47493642140792325 0.513736858530744 0.016569361667674698 0.03003462642933441
0 0.750869343684885 0.5267681514117395 0.0693060406306395 0.03447031904172537
0 0.6802389596923566 0.5257561576790613 0.06497352120143096 0.037001597514131235
0 0.7018526949567614 0.5324748160999593 0.068677820313928 0.0329610329693284
0 0.9966563876089269 0.5299909217644379 0.08740358910651469 0.038342137673930465
0 0.8464968736110559 0.5290418218024246 0.06451286930497813 0.04244920262763041
0 0.5543648400793391 0.54702765198572 0.09867575903088632 0.06205328251381259
0 0.48256062014911666 0.46064788280171975 0.01030765415032009 0.022896588732155887
4 0.6360738043833226 0.5331946537289226 0.00834153492322054 0.05943290769583642
