0 0.7555396484474608 0.5238011602472781 0.06652014138346096 0.04250630723143478
0 0.479551108373638 0.4964447508226135 0.015331616739024112 0.02637832820168029
0 0.4761477334209251 0.5130555457275358 0.015678627030986658 0.02854993997155142
0 0.7342796495073265 0.5249734930467596 0.0637790456568007 0.03209268787484609
0 0.6684053578901302 0.5240415021416218 0.06002259116051856 0.03448459669322557
0 0.6871348011724594 0.5300855388303543 0.06285243216214031 0.030424997836662304
0 0.97326302548929 0.5277524589579186 0.07971146519098549 0.03545789502021235
0 0.8215406545811421 0.5268492558126574 0.05999014531122515 0.039116890898886814
0 0.5481905055021579 0.5417438631571101 0.08737258539677473 0.05478146032194908
0 0.48341854851570487 0.45935545330671734 0.009839229532894567 0.021385695013227624
4 0.6265881215045892 0.5308019725806811 0.00755060887249448 0.05513333185668445
