0 0.712013298419023 0.519678009725429 0.053025856121494463 0.03508579742742557
0 0.47899025316151056 0.5114645586630225 0.01362358318126633 0.025078899212484462
0 0.6976831185089487 0.52102817557299 0.05205586525284145 0.02689726635245482
0 0.6422582945254768 0.5202662552149797 0.04942133393060155 0.028966422074725218
0 0.6554119386943689 0.5249492507004114 0.050730165173027975 0.025029390009565056
0 0.9452147402510178 0.522990127713004 0.06479318246615151 0.029163217196794045
0 0.7675783443209915 0.5221678285582367 0.05014509410799062 0.03206365584862014
0 0.5365638038979202 0.5317620971219708 0.06615203403658176 0.04123580476681166
4 0.6060869127915212 0.5257590262618279 0.005973220384540068 0.04607829378955541
4 0.9256302209688126 0.5298376979742814 0.013879482158696499 0.06247247241421394
