0 0.47985002758738154 0.48405728324458064 0.01160438348136672 0.025000078488143396
0 0.7673011754559755 0.5249207621309937 0.07031762739244429 0.044524065368972576
0 0.47905369947302634 0.49637107822416365 0.015741132285502057 0.02700307595324991
0 0.47543540513061944 0.5134559443267411 0.01620133863045764 0.029422594416913084
0 0.7439590045209636 0.5260202285277222 0.06698772170816292 0.03347804594556891
0 0.675311182084962 0.5250416860890665 0.06290030180148454 0.035951992398719046
0 0.6956959204570721 0.5314748603175208 0.0662254873273519 0.031897651471439414
0 0.9869459517689212 0.5290576462740493 0.08415658070316667 0.037108019080779875
0 0.8360634621047436 0.52812302805388 0.06262440686836734 0.04105059976628589
0 0.5517143846400765 0.5447609383178766 0.09382097042764082 0.05892528689503873
0 0.48287817940089406 0.46027459991801234 0.010149079368049485 0.02243601151233915
4 0.632087560587959 0.5321892353809732 0.008006076712476662 0.05762600284185826
