0 0.6270402260519006 0.5116025364013039 0.029233056784309097 0.020812220054671315
0 0.15837187004572587 0.5122240509842815 0.03378607071223805 0.015860004535885763
0 0.485684751900699 0.5076420572293284 0.008978675377535494 0.016973415887639842
0 0.5883740588000017 0.5124267350626569 0.029052981174551462 0.01778394877179168
0 0.5932998017823177 0.5148280885473437 0.028722451200556054 0.01474559746215831
0 0.8043929178151641 0.5173441941851707 0.047205580898866395 0.01941851740821532
0 0.6612630830961668 0.5130532615032636 0.030485600403058588 0.01875837549788728
0 0.4637591564185772 0.5162825857387134 0.03396839216500103 0.02092427665631591
0 0.9008101566410799 0.5164480060878573 0.04856669148235637 0.02156028158048351
0 -1.5993862363893745 2.3261606596771953 3.8848085641581087 3.5171063373018843
4 0.608648037862612 0.5290145749883935 0.008041317213046795 0.06100749869476596
