0 0.6132916539495585 0.5185276138727514 0.02573141546740565 0.01852145359459545
0 0.48694248733119183 0.5152029313523337 0.008135518680505494 0.015464668597429787
0 0.5832318161656402 0.5214333291250085 0.02539090179872172 0.013135684316199603
0 0.12728428071614484 0.8187131110760689 0.4872775330850134 0.48964224035667825
0 0.04037167850294922 0.5271894816381233 0.06445305007584945 0.02786416026622729
0 0.71615285942162 0.523278057454051 0.038416314933718554 0.016905106824492977
0 0.643945771317169 0.5197950709323795 0.02729091070751377 0.01668441315266611
0 0.420347046065259 0.5226045480702772 0.031288408639871146 0.01838797212386012
0 0.8008058733095004 0.5224300097119066 0.03910449936363425 0.01876703582658712
0 0.3680425047769713 0.609382270547417 0.1362277802183567 0.14563893576313058
4 0.5720766949579823 0.5277087610404161 0.004995661230362658 0.04058130563039708
