0 0.744770304390794 0.5227780449110424 0.0630993260553554 0.04066346885155403
0 0.4768199336716328 0.5126783716280996 0.015188297321363287 0.027727572290128566
0 0.725339576896876 0.5240079135544846 0.06085554656392611 0.03081731215931771
0 0.6620233512688267 0.5231183329291014 0.05739201412863926 0.03313220559948038
0 0.6792917986189676 0.5288139468624198 0.05980016467852467 0.029082034770360088
0 0.9612340317845873 0.5265545200209573 0.07575185632085335 0.03402856749346861
0 0.8082209908070928 0.5256862383905933 0.05756840861377743 0.03735670131375746
0 0.5451162409709938 0.5391087104148051 0.08175327351142425 0.0511807738995822
0 0.4840029527493664 0.45816812351892866 0.009500281188787763 0.020029872235458823
4 0.6214709310605293 0.529540705605867 0.007148175422606595 0.05286766145853938
