0 0.6153326861818771 0.5162592766729106 0.026241909029453225 0.018862283981355366
0 0.5806391299931248 0.5171025941000285 0.026272884999668622 0.016174327350316653
0 0.584728493532545 0.5192324909652559 0.02588010267252394 0.013385921279420288
0 -0.18412817205537205 1.0921066261225663 1.050885480582804 1.0116127856422463
0 0.027165872590204622 0.5255921067597518 0.06763124149404341 0.028747240173900956
0 0.7319903262599927 0.5210712159687279 0.03972888799394614 0.017286654233101273
0 0.646517145451811 0.5175344026724116 0.027762999409004063 0.01699654845762777
0 0.429199481101721 0.5205283405432725 0.03155295025363686 0.018764924661118787
0 0.8183001107858867 0.5201596683188203 0.040519249956742276 0.01918223831664101
0 0.34629696314551706 0.6243052897819414 0.1660212675940635 0.17441900550739164
4 0.5767633702923527 0.5264870688741163 0.005364558739343939 0.04318245024750289
