0 0.47738240145031446 0.481949853647599 0.013217031240164268 0.027878496712004208
0 0.847172764748207 0.5323434546805614 0.09780681755375442 0.058365540884836364
0 0.47615359780255584 0.49572237365059124 0.018161758230863245 0.030628511003633008
0 0.47112368035810226 0.5156590323367068 0.019429744790002756 0.03472573583640015
0 0.8074451749264759 0.5326780757614407 0.08914322417142406 0.042683327199529164
0 0.7205058214942655 0.5313799800687551 0.08253515328108707 0.045655768851570966
0 0.7537083028260088 0.540683770551597 0.09021569851366573 0.04205899641249511
0 0.4742876384804592 0.5063085324997337 0.016744555387092797 0.02999924106961166
0 0.9340142282036847 0.5366333635926421 0.08021246941403148 0.05449337355753425
0 0.6241339794331424 0.5699945401252368 0.15561651503073004 0.09529395007553165
0 0.4804744608076459 0.4625738610175586 0.011614967198922632 0.026132023135431337
4 0.6695883028933839 0.5413177011766792 0.01110605303369927 0.07447583762495957
