0 0.6474476806739367 0.5136207717775967 0.03463790915623621 0.024214562065490663
0 0.04570403200662351 0.5165043886486058 0.05526332204172036 0.021449214438910347
0 0.48391529009152645 0.508733076220005 0.010179386505947019 0.019106082233919908
0 0.6016734012729141 0.5144433030531976 0.03389406650648963 0.020520239688289532
0 0.6082387264966359 0.5173458065261826 0.033805989657784474 0.017185104531256323
0 0.09554636477268777 0.5137391718095591 0.03352997540118886 0.017881591081953196
0 0.9369819440194773 0.5209687297323193 0.06278985015485639 0.02343175711812029
0 0.6869116504256745 0.5153153580948466 0.03526085788040145 0.02189825188006267
0 0.5211614684975657 0.5196697257775508 0.04071830736568183 0.025550321520784625
4 0.7469603145792864 0.5665234246711186 0.023559443413455172 0.13941688660144058
