0 0.69985725302291 0.5185321982438315 0.049414875095044275 0.03302657326136371
0 0.47984760873082655 0.510986730377299 0.013013281970831736 0.024035307193791433
0 0.6872385665233798 0.5199057617750784 0.04882888579591682 0.025426853545546968
0 0.6347852295029828 0.5191906705969839 0.04647726782906336 0.027400292630505252
0 0.6465410386224488 0.5235162828395488 0.04744673222725926 0.023537885834075012
0 0.9407610350650064 0.5216609984312095 0.060845825453849645 0.027433225371922165
0 0.752447155815994 0.5208694061479515 0.04736842000029384 0.03012270588027588
0 0.5336630595532609 0.529265016027507 0.06087152443366861 0.03788751894195708
4 0.6002076729151518 0.5243544971696459 0.005546876010016355 0.04355774694334136
4 0.8967452218640911 0.5269001646965867 0.012041144494680633 0.05631123069006355
