0 0.7146241665758639 0.5199244396814937 0.05381043746964598 0.035528842248867876
0 0.47880987568284256 0.5115651790195777 0.013752515711227375 0.025298590609423688
0 0.6999134366672766 0.5212680683694524 0.052751814704647515 0.02721197856215185
0 0.6438534430000714 0.5204960499901091 0.05005473257522053 0.029301368424150764
0 0.657316559024322 0.5252571183860115 0.05144123429000513 0.02535062428521828
0 0.9461685690208189 0.5232756396971135 0.06564229521868081 0.029535424982776615
0 0.7708247991996492 0.5224472204174092 0.05073993744923344 0.03248218753654708
0 0.5372048634891937 0.5323136787290224 0.06731997768749542 0.041977620119765136
4 0.6073173193271817 0.5260605496966524 0.006085993619687091 0.04661902516053995
4 0.93217555893528 0.5305040707861185 0.014310531598029086 0.06387013617678211
