0 0.725744848777379 0.5209753235860906 0.05718775384258168 0.037418836800378275
0 0.4780564416900964 0.5119860452175913 0.014293277018063266 0.026217248325030196
0 0.7093624503749714 0.522285161138712 0.05572687469548676 0.028548011169957976
0 0.6506091783360208 0.5214699800449869 0.0527564399230559 0.03072231441476181
0 0.6654266272845671 0.5265687294225427 0.05449290839603038 0.026722303186104024
0 0.9502232303427587 0.5244919313354113 0.06926669448204181 0.031123322984847324
0 0.7846389285294666 0.523639234085004 0.05326736967605472 0.03427131210924961
0 0.5400114616527072 0.5347264415755618 0.07243538650980763 0.04523183580078349
4 0.6124556404357768 0.5273199287067255 0.006489231694611131 0.04888009777890989
4 0.9615422236394198 0.5334970186884846 0.016310284551886323 0.07014760516953467
