0 0.7714663332521612 0.5253178017396756 0.07167781300231468 0.045239896971359106
0 0.4788824935863708 0.49634586372357925 0.015882488657798566 0.027217948284819826
0 0.47518842767250563 0.5135949455864727 0.016383309083701225 0.029725460174472695
0 0.7473658892946127 0.5263888828609614 0.0681278109979786 0.033966939543612185
0 0.677740898788947 0.5253938853690291 0.06392047355193597 0.03646925205091178
0 0.6987266020808666 0.5319670024806572 0.06742987031968939 0.032420649543317026
0 0.9917443652355296 0.5295162721996667 0.0857519822997701 0.03771369408723302
0 0.8412004422089739 0.5285750147752167 0.06355462659383582 0.04173822717476372
0 0.553006502217986 0.5458662319788701 0.09618718301840123 0.06044898694737311
0 0.48271601804215136 0.460476537055188 0.010233644947346743 0.022688279635794895
4 0.634062232007471 0.5326836118859153 0.00816333329742247 0.05851421659058531
