0 0.47704620439130513 0.47864998000592285 0.013440366700061768 0.028263507817508804
0 0.8598609252943797 0.5303781023698382 0.10256457064398172 0.06055348500320856
0 0.47575431912351385 0.4926089618596603 0.018500330873650606 0.031116200850034914
0 0.47051160715483553 0.5129191028005792 0.01990035137365287 0.03546407710240357
0 0.8171722945132449 0.5305816647078478 0.09277680635631991 0.04408591405688378
0 0.7274185312242722 0.5292343085794221 0.08571531946523081 0.047129566964564384
0 0.7628877267104168 0.5389971126563486 0.0942521988520314 0.04366521967153303
0 0.4738096763937062 0.5033676896610387 0.01709326033810099 0.030547698276275737
0 0.949442284751855 0.534850138646459 0.0828664907896639 0.05662422986195792
0 0.6503854960279272 0.5716738547049048 0.17058274566027753 0.10250458274292384
0 0.48013043861585025 0.4599930812298784 0.011871423313751961 0.026715775973566558
4 0.6751165935337952 0.5394163006636188 0.011629110001146525 0.07690644253889034
