0 0.477206772087099 0.4806302627019926 0.013333585252481295 0.028080309942673354
0 0.8537609900910309 0.531737605541486 0.1002507754557942 0.059505495714121115
0 0.4759448822120991 0.49450183120913094 0.01833852744953901 0.030884816369502133
0 0.470803870378794 0.5146378553238868 0.019674941613149477 0.03511393553999487
0 0.81250825918539 0.5320008893047504 0.09101422613170662 0.043416486521395736
0 0.7241045018789747 0.5306769281447459 0.08417877875052149 0.046426096479123546
0 0.7584777010814183 0.5402225409063889 0.09229817309531374 0.042896901155549116
0 0.47403775810110416 0.5051800137471906 0.016926463774406708 0.030287509910662813
0 0.9420296418918022 0.5361214752849721 0.08158885284726458 0.05560589069923827
0 0.6367718529150784 0.5712687803043903 0.16305751633058363 0.09898519909007508
0 0.48029810369270476 0.46160407610824883 0.011745583872158905 0.026428443966632242
4 0.6725309244196733 0.5407734640786459 0.011368345290689974 0.07577354968780192
