0 0.7045483677667415 0.5189740830121816 0.05080021424630188 0.033820565968477934
0 0.4795131995881623 0.5111729798789475 0.01325078334573021 0.024442144295337587
0 0.691281009857313 0.5203399936245485 0.05007159019284668 0.025995312330431286
0 0.6376781541933161 0.5196068670841383 0.04761242603269045 0.028005985699094182
0 0.6499649669762815 0.5240692017188868 0.04870853505912143 0.024112672873409458
0 0.9424826192243133 0.5221739123715423 0.062368110637506025 0.028100359175003198
0 0.7582895243717038 0.5213700198061031 0.04844137405060989 0.030870247357945857
0 0.5347662978820162 0.5302150854865153 0.06287925831956664 0.039159509249890756
4 0.6024814124684201 0.5248964882235566 0.0056938474969133734 0.04453066537110195
4 0.9075933396125966 0.5280027937194892 0.012719342599801675 0.05862390715455118
