0 0.4765644648975301 0.4746596386983506 0.013748400506351066 0.02879305709449881
0 0.8781895974912902 0.5283117087387308 0.10956699877072329 0.06372875845944076
0 0.4751831358593295 0.4888758655001969 0.01896966113473164 0.031790633303645455
0 0.4696368695736912 0.5097097990250117 0.020561304387517187 0.03649860911312186
0 0.8310605328768483 0.5283059474687737 0.09805438112335396 0.04610228649426773
0 0.7372775143418994 0.5268882581152885 0.09031023023992257 0.049243546707217756
0 0.7761368678742726 0.537332748444475 0.10016796640723225 0.046004069416822335
0 0.47312666664360314 0.4998749592527167 0.017579136653177785 0.031310560674839505
0 0.9716797773798351 0.5330490005294883 0.08698003920584918 0.05973184823437783
0 0.7396567795052846 0.5756861943651868 0.20476348226655527 0.11415828661123684
0 0.47946528581804493 0.45863870846367405 0.012410318374599716 0.02804757205095576
4 0.6297338778331032 0.5134115945320599 0.006368764532374782 0.04289226756517739
4 0.6751228299047016 0.5360099345819206 0.012209738578481177 0.07780631938253713
