0 0.7173003105994299 0.5201771365376207 0.054617898086323224 0.03598321519003789
0 0.4786264684172732 0.5116675885487546 0.013883879974026792 0.02552216473414176
0 0.7021948042237742 0.521513512705557 0.05346614943695127 0.02753413440211705
0 0.6454849133655596 0.5207311300757484 0.05070430960065786 0.029644145174226644
0 0.659268599364053 0.5255726977165014 0.05217218742500418 0.025680194506303322
0 0.9471454829396937 0.5235682931246355 0.06651333098468937 0.029917160828361378
0 0.7741511211294463 0.5227337694718193 0.05134905157833469 0.03291176321349798
0 0.5378689983216198 0.5328848037745804 0.06852990041169937 0.0427465572636343
4 0.6085609495694884 0.5263594150531925 0.006154403183810331 0.0471558976094667
4 0.9390178972131453 0.5312009377869169 0.014766846134174894 0.06533175904485433
