0 0.642622147973307 0.5131708994477624 0.03334207834101588 0.02340861175396891
0 0.07520792200007025 0.5154090200686772 0.049144074265762915 0.019968191816648218
0 0.48432342719079763 0.5085081858267159 0.009900656498528781 0.018613530350134744
0 0.6047075323446984 0.5167782951477096 0.03259236606370031 0.016606558183917097
0 0.11857907282287641 0.5129459623898867 0.030352953685176445 0.016836068594153875
0 0.9048137079245376 0.5201161698962382 0.058805025104707864 0.022452414982338298
0 0.6808533730419628 0.5148075076612361 0.03413491957363213 0.021152693703928582
0 0.5116121283127075 0.5188627708597917 0.038764658786664796 0.024175924605626342
0 0.03194931645524717 0.5161774478039611 0.05130310595361058 0.02077765975201651
4 0.6949161222762303 0.5523645329984814 0.017017329746874754 0.10971988585213788
