0 0.6261212131263245 0.5114603746959706 0.028994529778950784 0.0206593560722661
0 0.48576713048773434 0.5075402388816135 0.008923235868194879 0.016874190311928827
0 0.5877695982071598 0.5122838482087037 0.028836012507772124 0.017659928837858718
0 0.5926266900220566 0.5146632752658938 0.028496700733606994 0.014636095461961762
0 0.7986299959959997 0.5171352891087883 0.04658082053768131 0.01924467666753915
0 0.6601063048927446 0.5129002489958868 0.030269479944013966 0.01861766981621793
0 0.4610347722319797 0.5160848690566384 0.03377306107399858 0.020742024016272675
0 0.8942377055524535 0.516245933771612 0.04789323907089005 0.021367554565982383
0 -0.5079674296248305 1.3476719570022182 1.7273665646837049 1.5712931278247706
4 0.605519762817319 0.5281181525100416 0.007760373919207919 0.05925303567513862
