0 0.7069774551113407 0.5192030460609454 0.051521605941924786 0.0342320491057061
0 0.4793417428004838 0.5112685035068415 0.0133727877101395 0.02465077194137305
0 0.6933683633205403 0.5205643130971496 0.050716387741591595 0.026289172123938
0 0.6391716445848559 0.5198218293521839 0.048200724344416135 0.028318979464397986
0 0.6517375908366863 0.5243555530799349 0.049364541398028705 0.02441070458490191
0 0.94337235843893 0.5224395133982447 0.06315715934431643 0.028446074061185267
0 0.7613132175875463 0.5216294752109296 0.04899627693533304 0.03125807597474217
0 0.5353453834614368 0.5307136938228063 0.0639336001556513 0.03982802007054753
4 0.6036614908538949 0.5251770835166143 0.005782360864090896 0.04503416157021156
4 0.9133555156215221 0.528588782608584 0.013085560564869092 0.05985297210701418
