0 0.7482577591294961 0.5231091419058322 0.06420118148560272 0.0412597360917335
0 0.47986979355173415 0.49649228477588947 0.015070156410342816 0.025977663907844672
0 0.47660009064956244 0.5128016398163731 0.015348292650948114 0.027996377323010913
0 0.7282428028863196 0.524321344747132 0.06180069358974882 0.031231034869618313
0 0.6640962594329634 0.5234180534647619 0.058243379859366895 0.0335710685805789
0 0.6818320528214541 0.5292256652272865 0.060784773055536756 0.029516349357619154
0 0.964990016285685 0.5269414740921712 0.07702336028866208 0.03449506231214661
0 0.8125366012511994 0.5260625088177155 0.05835364678060373 0.03792561033948483
0 0.546096546001508 0.5399492336565835 0.08354434487218088 0.05232737506869878
0 0.4838095432096393 0.4585552215077924 0.009610777591745112 0.020487261502281973
4 0.6231507318979927 0.5299503210212797 0.007267152581018954 0.0536031371140856
