0 0.7380816508092842 0.5221435800727783 0.06100183764119338 0.03952117143983458
0 0.48032962820126757 0.49656134109949995 0.014694137777783 0.025399034918323182
0 0.4772473328254582 0.5124388423223163 0.014877887725514682 0.0272051560011336
0 0.7197494676320013 0.5234047320571822 0.05904709840874667 0.030021867096018173
0 0.65803100664598 0.522541385404768 0.05576051761702494 0.03228799976758312
0 0.6744186964974539 0.5280244297923727 0.057921932697001854 0.02825057204780035
0 0.9553710101853419 0.525829284302378 0.07335295356551053 0.03295633389458785
0 0.7999378239936106 0.5249654788346706 0.05605962588360647 0.03626846531792416
0 0.5432758194459386 0.5375297180461708 0.07839197660570119 0.049031635959434716
4 0.6182982863878523 0.5287559417689927 0.006925707281701277 0.05145875830402047
4 0.9972404112317966 0.5371424249730642 0.018886144391169646 0.07779355292464585
