0 0.7317490709245233 0.5215435846557015 0.05903518821200715 0.03844128687058668
0 0.4806246361784523 0.4966059326435546 0.01445364273024874 0.0250273742743764
0 0.47765922553393975 0.5122082297482524 0.014579784928802186 0.026702065726856627
0 0.7144301674367239 0.5228311923988082 0.05734026633181066 0.02926641322586576
0 0.6542308002844264 0.5219926058913527 0.05421763901606147 0.03148571787845744
0 0.669803632364228 0.5272771235509446 0.05615606842609855 0.02746523773054832
0 0.9524090186213636 0.525148838409753 0.07122743436023349 0.03198230565725524
0 0.7920881927715726 0.5242841977052577 0.05462786192312452 0.03524168658921878
0 0.5415796597701847 0.5360735652681262 0.07529607324052023 0.04705532479936192
4 0.5629535560215566 0.5171885928932987 0.004003040193998664 0.030711546159646663
4 0.6153440137909842 0.5280194331928874 0.006672610128009904 0.05013546505271782
4 0.978478415196248 0.5352255211506409 0.017512515588089972 0.07377300073832227
