0 0.47679071972985754 0.47562304741956807 0.013610571850427688 0.028555139208783664
0 0.8698242663079296 0.5283620997940258 0.10638229458090742 0.06226830008792755
0 0.4754504156462137 0.4897212273553727 0.018758799986948016 0.03148545733888941
0 0.470043000711002 0.5103106669601857 0.020262801204285585 0.036026314308557295
0 0.8247453407620784 0.5284632155026467 0.09566140605194084 0.04517533518982786
0 0.7327976502173568 0.5270775737456364 0.08822542547741585 0.04827359872527659
0 0.7700877765101727 0.5371992891610817 0.09746746692272534 0.04492344486422206
0 0.47344511772969466 0.5006087403783342 0.017360417709891995 0.030964008776406537
0 0.9615350570390898 0.5329791640162937 0.08514281988579708 0.058293907226551034
0 0.6796877885450978 0.5727278251414887 0.18490576397497516 0.10856276948597221
0 0.4798404064142663 0.45776503771462784 0.012096204846428094 0.027241891517824246
4 0.6229412626975175 0.5139827691531383 0.006321714740915252 0.04234330327102076
4 0.6784321589464846 0.5372353636631735 0.012059178896223322 0.07844957085147658
