0 0.804706165271607 0.5284968176053053 0.08282061264355234 0.050976696911320674
0 0.4776003947237025 0.4961595117229303 0.016947164144428983 0.028823773686581178
0 0.4733092139714542 0.5146549611696731 0.01777954421728367 0.03203371353685225
0 0.7741695060902286 0.5292950393848508 0.07729219863967218 0.03783393684291281
0 0.6968389009834308 0.5281678532151715 0.07207882563401868 0.04055299766868459
0 0.72289161623776 0.5358972485234803 0.0772258720493102 0.036622252427859214
0 0.47601100224263615 0.5060763622978971 0.015505212906112953 0.02798343198606451
0 0.8820824326357771 0.5321993155089111 0.0709287955768041 0.04727934450438254
0 0.5682399866404462 0.555491105234122 0.1174360326932049 0.07434687726940459
0 0.48163510952846167 0.46154556883389286 0.010767257736823466 0.02419053538928423
4 0.5968481763995908 0.517790965385261 0.0052132263244516475 0.037194239805186435
4 0.6498611458983241 0.5366216572222118 0.009423472402341981 0.06559032578126534
