0 0.63386057788032 0.51237234213275 0.03101718648975127 0.021947658546688564
0 0.12403248522110928 0.5136220382963917 0.03978893432099431 0.01754448320061397
0 0.5982940667468328 0.5157654131942131 0.03040727750433081 0.015558925199595341
0 0.9159680701012776 0.514472876133854 0.04002013849240038 0.01814529867682113
0 0.8477276236361995 0.5186236177274534 0.052050931803638956 0.020723398024969253
0 0.6698432724956407 0.513904164762736 0.03208592234271579 0.019804106787514875
0 0.4844503044239966 0.5174816600681187 0.03585221993619442 0.022302796468236075
0 0.9502240551559886 0.517676959546026 0.0537663877536142 0.023013128201748168
0 0.08893506268632019 0.5141903984518814 0.040968130605961994 0.01811234012975982
4 0.6369908784040474 0.5367551635188529 0.010733421559288026 0.07694197156640953
