0 0.720043942357047 0.5204363449995002 0.05544922418033982 0.03644936084239769
0 0.4811887450061676 0.4966918578347799 0.013995352594659283 0.024315842285161815
0 0.47843965250890685 0.5117718356129499 0.014017713822885691 0.025749726930769545
0 0.7045287482536617 0.5217647060757187 0.05419958715293849 0.027864004123185238
0 0.6471537098415687 0.5209716823477102 0.05137067719386901 0.029995033435542662
0 0.6612695796888732 0.5258962854286252 0.05292385216591866 0.026018432165549665
0 0.9481460828968935 0.523868365101641 0.06740711168303692 0.030308777448084356
0 0.7775600353689012 0.5230277575180013 0.05197296332196211 0.03335282929693373
0 0.5385570680619378 0.5334765364176342 0.06978408727521834 0.043544136429555236
4 0.6098458845187287 0.5266709915851991 0.0062544225184480995 0.04771503926376175
4 0.9461774864420758 0.5319304500501422 0.015250587060614107 0.0668618527194445
