0 0.6512867845254251 0.5139789587930874 0.035676646786084176 0.024856405248251723
0 0.020736027104409332 0.5174343952387476 0.06071536261016908 0.022712215390319423
0 0.4835949779027903 0.5089097530648219 0.010398837721221521 0.01949295013006591
0 0.6041493560809479 0.5147972467917682 0.03480886456347543 0.021031346952170127
0 0.6110475421846019 0.517797377587907 0.03477663632187511 0.017646151176304303
0 0.9225420420743138 0.51635483037626 0.045260611339205226 0.02057784630870263
0 0.0763469108788385 0.5144012951216438 0.03629296492320339 0.018767607064439806
0 0.9629549882276323 0.5216579708257901 0.06609755416911633 0.024225353797566962
0 0.6917285954837715 0.5157198090446582 0.03615527755009551 0.022492803209788192
0 0.5233243383867487 0.5203134333070166 0.0421279361868554 0.026390186261523896
4 0.5685984900942831 0.5185010978466209 0.00464134295548535 0.03306874947244831
4 0.8086629172200361 0.5834535082735691 0.03241220055793548 0.17492621295197847
