0 0.6308487634336981 0.5120859101444252 0.03022638137402278 0.021446115159423185
0 0.13956118764226932 0.5130441472589591 0.03701554899009335 0.01678072829535371
0 0.48534553561397753 0.5079568263151414 0.009207162025762772 0.017381598393255315
0 0.5908737930724521 0.5129123516063523 0.029953344048050168 0.018297237968789126
0 0.5960888472795458 0.5154050840772662 0.02966155877459342 0.015199593604090844
0 0.8284766409072835 0.5181091730134814 0.04986799586964141 0.020143245990191794
0 0.6660554034276667 0.5135818575554113 0.03138003098569009 0.01934198095196482
0 0.4752012627832325 0.5170016335978324 0.03489521578956106 0.021688135023919752
0 0.9282736491469044 0.5171849729512192 0.05142625903820963 0.022367204640437066
0 0.7633234179896942 0.2800145802628402 1.5048874243298025 1.2950939621352953
0 0.10687661556066914 0.5135555401203912 0.03794880158449723 0.017281091849731478
4 0.6232255793411814 0.5330547385014184 0.009394428873931493 0.06919467921282985
