0 0.628916567636729 0.51186524604472 0.029721452677166638 0.021124464130239273
0 0.14921824086221747 0.5126484268515441 0.03533989952939007 0.01630747935161514
0 0.4855171904835856 0.5078218984608059 0.00909150958890137 0.017175131353466544
0 0.5896066421740052 0.5126906799220499 0.02949631570269229 0.018036988245223484
0 0.5946739528741529 0.5151369566249644 0.029184485612787636 0.01496922357597219
0 0.8162203528428505 0.5177447130713633 0.0485034984513002 0.019774218378069808
0 0.6636244332798904 0.5133382163158258 0.03092653479223495 0.019045805892020762
0 0.46935040473902856 0.5166602306805547 0.03436632742005752 0.021298822058563704
0 0.9142981246524939 0.5168347390070143 0.04996210097934872 0.02195670275171724
0 1.8004113215893267 -0.6134863915654774 3.341706384191043 2.871503442044096
0 0.11798824571602899 0.5131259594970266 0.036134853417617324 0.016768086959401907
4 0.6154827931420606 0.5309370785014529 0.008666856612935425 0.06484402593455824
