0 0.6581497737739447 0.5146199034963541 0.03755079520926485 0.02600524463768561
0 0.48303171652441057 0.5092207554805963 0.010786341385142728 0.020173766846729724
0 0.6085552764931643 0.5154275076368986 0.03644719931650553 0.02194220154332116
0 0.6160675087641083 0.5186048061399164 0.03652311637863104 0.01847204940942826
0 0.9251675394202828 0.5171052016664638 0.04742240177879831 0.021542642444231763
0 0.03993743759815013 0.5156595094357704 0.041823372903612 0.0204619755725719
0 0.7003332316035801 0.5164437669208382 0.03775123212698639 0.02355876904251697
0 0.5246625031317138 0.5214979911613683 0.04452291317566981 0.027558638930133217
4 0.5755386708478718 0.5193552621886159 0.004563812629559849 0.03460100172030589
4 1.0234394785386074 0.6436020556462226 0.06930511950333484 0.3010821889544535
