0 0.4799955096734436 0.4841685004747168 0.011510558370002033 0.024829065331132105
0 0.7632620286200404 0.5245360120732608 0.06900627380579982 0.0438305318521679
0 0.47922214593757173 0.4963959592897056 0.015602232584711662 0.0267915412656215
0 0.4756775016614477 0.513319767188897 0.01602332005756646 0.029125840880917686
0 0.7406447752682168 0.5256616770549336 0.06588399955753566 0.03300317565544231
0 0.6729470602620002 0.5246991480912634 0.061911521745936615 0.035449190820892484
0 0.6927563688958422 0.5309976785714903 0.065062474353072 0.03139121901813968
0 0.9822583063600364 0.5286098160560337 0.08261826586016041 0.03653257054220882
0 0.4779153821152965 0.5055670973332982 0.014154603950537081 0.025755034967282597
0 0.8310788809331526 0.5276851693466165 0.06172100695416549 0.04038519716535671
0 0.5504837696495932 0.5437078015511055 0.09156833496334393 0.05747628515082681
0 0.4830489350929027 0.46002103927170634 0.010054590681882025 0.022145853413126748
4 0.6301381917176447 0.5317070529247012 0.007881582003727128 0.0567605804738569
