0 0.6381021048756776 0.5127534832774356 0.03213820880259799 0.02265453658961747
0 0.10110962573111472 0.5144540989505106 0.04406099675162192 0.018678101137078795
0 0.6013991658067117 0.5162504272760495 0.03146212033982965 0.01606563753324941
0 0.9175282062053194 0.514917828084053 0.04124379656229393 0.018729821064982666
0 0.8751555907522821 0.5193348607958344 0.055244293963407465 0.02155271642632217
0 0.6751749905628226 0.5143359587634787 0.033078603730145595 0.02045614592081324
0 0.49763784188740906 0.5181468526865807 0.03723562278835246 0.02318546501772878
0 0.9814925267069934 0.5183558823575994 0.05718655010459461 0.023935347367009863
0 0.062292065618113124 0.5151123695061415 0.04565917760105622 0.019353753181001743
4 0.6609272658684009 0.5431818977277937 0.013202604698588805 0.09045193066356011
