0 0.4767001821787077 0.4750786961707073 0.013670786046702743 0.02865885971735671
0 0.8734610194792951 0.5282104253761898 0.10776651249975011 0.06290084045457595
0 0.47534213586429197 0.48922803042307417 0.018850749913114473 0.0316182608695581
0 0.46987469244131086 0.5099226475047971 0.0203925957518043 0.036231128324784756
0 0.8274973825470624 0.5282667632074515 0.09670337922938221 0.04557635003777882
0 0.7347512902404181 0.5268667285482375 0.08913242007339939 0.04869415120398091
0 0.7727177792028984 0.5371265453874039 0.09863909104222257 0.045389552560110014
0 0.4733146967347586 0.5001636374643312 0.017455672211463935 0.031114585923652682
0 0.9659475118954943 0.532880298273975 0.0859491467117044 0.05891495077220088
0 0.6948996389475623 0.5738080234383278 0.1912634235042303 0.11091157999245438
0 0.47972252518035086 0.4576502260983699 0.012192013450387396 0.027475050211055063
4 0.6251553069694076 0.5136138359339066 0.006352240566299017 0.0425962840594275
4 0.6792949863434825 0.5369493795880724 0.012152582584886606 0.07885648677384516
