0 0.7801987774513985 0.5261511745216307 0.07455564414557392 0.046742882270379926
0 0.47853142787393504 0.4962944141512361 0.016172912666957306 0.027658136690584756
0 0.47467911299431387 0.5138817762947588 0.016759645222624575 0.030350293445059462
0 0.7544733895011366 0.5271585103264234 0.07052430459806125 0.034988821900375
0 0.682808141767675 0.5261289434606118 0.06606102653715318 0.03754970064640395
0 0.7050786136583853 0.5329990650043482 0.06997169613060128 0.03351968378213921
0 1.001688829310409 0.5304823329336569 0.08912232942109866 0.038992380439227814
0 0.4771077937597221 0.5057824484578614 0.014724934365844378 0.02669996478896125
0 0.8519601424793735 0.5295241939016797 0.06550042526677369 0.04318473594618377
0 0.5557924657862944 0.5482495193985022 0.1012962035981968 0.06374185223981721
0 0.48240900266002257 0.46080230336501893 0.010376515195827496 0.02308838819271014
4 0.6382726914974722 0.5337330006407501 0.00847979282093081 0.06039908841338115
