0 0.7593433901709224 0.5241629862786068 0.06774123211755745 0.04315826480587537
0 0.47938798769541424 0.49642051562420586 0.015465750987321114 0.026583327281900937
0 0.4759149736117545 0.5131863278110586 0.015849116248758233 0.02883501376278913
0 0.737419594213748 0.525312895530921 0.06481496868175829 0.032541570744355375
0 0.6706460419008864 0.5243658761157265 0.06095272909546079 0.03496024560653299
0 0.6899040388162176 0.530534780755376 0.0639387687000722 0.030900574769020528
0 0.9776888114204599 0.5281748477705375 0.08113941417070314 0.035982151123162165
0 0.8262401412995786 0.5272607816849648 0.06084327577933346 0.03974095598001448
0 0.5493106122273559 0.5427032014669277 0.08942130034898044 0.05609662172332186
0 0.4832296733321289 0.45971184388305375 0.009950068406401669 0.02180068632815879
4 0.6283128408232328 0.5312372476813654 0.007698232789666304 0.05591554812592503
