0 0.6437986231546906 0.5132805480080775 0.03365700753062517 0.0236050279061234
0 0.06819769708982802 0.5156689428616033 0.05056630668741771 0.02031898074062577
0 0.4842233137099011 0.5085633096161891 0.009968908685042799 0.01873427181060411
0 0.5993124446188387 0.5141059552772895 0.03302569769122621 0.020033376699701733
0 0.6055685033480754 0.5169166521244744 0.03288759912007477 0.016747515053898265
0 0.11306945158788845 0.5131353219073478 0.03109892610679517 0.017085897912346493
0 0.9126080304280892 0.5203226392378573 0.05975867340940244 0.022689671577847292
0 0.6823307797186777 0.5149312742374362 0.03440961049087732 0.021334288256890765
0 0.5146882046752748 0.5190591068695334 0.03918265037609592 0.024547609665593217
0 0.02369397085277521 0.516468764293604 0.05289408337918871 0.021166905950485315
4 0.7057652242309616 0.5553069584380381 0.018311197979253624 0.11589135129374917
