0 0.4769064980682115 0.4768321348357437 0.013533468930211845 0.02842289426626954
0 0.8652626520233162 0.52910180379283 0.10463438391835833 0.06148108958002907
0 0.4755883495686638 0.4908667023469021 0.018641532965558316 0.031317483907747634
0 0.4702562354594967 0.5113276648046216 0.02009793784475905 0.03576962431582015
0 0.8212845349644735 0.5292522164198278 0.09434340946961284 0.04467584829132365
0 0.7303399087714616 0.5278842299575532 0.0870787593999276 0.04774927832288023
0 0.7667910071860164 0.537839352045421 0.09599434700742837 0.044345220018892406
0 0.47361078600664686 0.501695117974248 0.01723909197686896 0.030774341884383605
0 0.9559999730435748 0.533652429958201 0.08410775763356737 0.057525759105822916
0 0.6647718959183375 0.5720193994435431 0.17795093757451141 0.1057310493477106
0 0.47997677943972555 0.4585645753733484 0.01198901561782173 0.02698814141839634
4 0.6208120149347494 0.5149750346549957 0.006258245841983201 0.04200981160986628
4 0.6771042658185737 0.5380954004515531 0.011900295123251192 0.07783161321467352
