0 0.6318372246214001 0.5121846797945705 0.03048542499937934 0.0216106891654817
0 0.13452980793236186 0.5132360168436731 0.037903455433185435 0.017027798423601914
0 0.5968126257334618 0.5155281161802278 0.029906006668893537 0.015317483537490295
0 0.8347746380445531 0.5182822422147512 0.050576403411546345 0.020333095814154767
0 0.6672987407377448 0.513692394981796 0.0316118113952788 0.019493574389716106
0 0.4782269184436816 0.5171631944728181 0.0352068633285994 0.021888810711467754
0 0.9354553606074989 0.5173507192347719 0.05218679575903795 0.02257855217159932
0 0.5744651148440367 0.4432438235133036 1.3386107484139118 1.15562311439834
0 0.10107356269222732 0.513765520459061 0.03891312339965583 0.017549549170984835
4 0.6274976026808492 0.5342074725413819 0.009803694462460766 0.07159723325903322
