0 0.6449947580687614 0.51339204257914 0.03397784369188839 0.02380476600869863
0 0.060951852803493196 0.5159378224080526 0.05205712519316795 0.020682283704044457
0 0.48412198581047006 0.5086191550759662 0.010038097997083995 0.01885658896262471
0 0.6000871732488937 0.5142166316532317 0.03331021189939731 0.02019307632532641
0 0.6064438401547935 0.517057314939152 0.03318818216477837 0.01689088184336429
0 0.107400740153414 0.5133305185641774 0.03187587520439758 0.017342084176311112
0 0.9205640578656077 0.5205334608076418 0.06073971231375097 0.02293183415971356
0 0.6838326031698094 0.5150571333126284 0.03468875443287589 0.021519022530731235
0 0.5172992938775762 0.519259051795733 0.039707781903073724 0.02490412142081122
0 0.01514250975111434 0.5167708081989332 0.05456717179255067 0.021570978025670984
4 0.7178864012762063 0.5586000911250917 0.019800338044425048 0.12279840882463905
