0 0.6175050846348753 0.5131044210840134 0.026771516763830494 0.019260453903091945
0 0.48655316165976525 0.509396770714807 0.008393338765523228 0.01594070784952406
0 0.5863158463760583 0.5160534159122696 0.026392667165888395 0.013619115550090322
0 -445.47575344934637 714.9068297373213 891.5359066451131 1428.6028110573604
0 0.012669204042671783 0.521408223638876 0.07119232071842921 0.029531117044492405
0 0.7457836380957465 0.518325405273189 0.04103740081871876 0.01767687465518275
0 0.6492545484098001 0.5144775209489885 0.028249416092479773 0.01729448636595099
0 0.4360594503163972 0.517048287628896 0.03196612797052034 0.01907062895808076
0 0.8339269284221593 0.5176014237613138 0.04192295726067041 0.019573618682436122
0 0.3143455710432027 0.6455612250339785 0.2124125582134912 0.21797783908751756
4 0.5816960988405857 0.5242399544308491 0.005717659253516194 0.045919787417769364
