0 0.6403257783307696 0.5129569552541453 0.03272928345666548 0.023025413646564075
0 0.08856602555872897 0.5149143093126061 0.04648877149584865 0.019301669628343343
0 0.4845197444842977 0.5084000452402294 0.009766906497931493 0.018376650745563994
0 0.5970586146987135 0.5137840494321844 0.032200322096971545 0.019569065593331048
0 0.6030268156917382 0.5165082700240186 0.03201736943807609 0.01633163131228721
0 0.9183622488167629 0.5151563985429747 0.041903838255122894 0.01903982603517318
0 0.8896896053482707 0.5197157675540756 0.05697487930117995 0.021993603785990135
0 0.6779689704677392 0.5145660414880395 0.03359847087789347 0.02079860399983402
0 0.5046335852937509 0.5185045276277851 0.03797622204502016 0.02365608504837946
0 0.04762930296676067 0.5156247811595849 0.04834649647274209 0.020040502151526196
4 0.6763076284744087 0.547329202418249 0.014883975607738242 0.09915879770558478
