0 -0.06183150055098113 0.5625901963818563 0.17032297090993131 0.0764555039848488
0 0.6487104269202362 0.5219261490137705 0.028957631156755537 0.027067092810829863
0 0.6608466990163091 0.5183096682909839 0.02175051748583101 0.023981863981975327
0 0.5907336650531481 0.5138156174468727 0.02933645547492203 0.017042151184316623
0 0.5618189088187304 0.512837511151819 0.024583614688197364 0.016546979235756876
0 0.7025637965307756 0.5125993832106862 0.02605785622878487 0.016223302549893903
0 0.7247396203170454 0.5146516764719771 0.03004502256018049 0.017352924083948618
0 0.7859240212196994 0.5142650824607815 0.04049270093087143 0.022067533264965467
0 0.6270007607205952 0.5119420996498443 0.026920095348501927 0.023150027960430197
4 0.874461651223644 0.5372520333130915 0.01585226783237803 0.07769983415668141
