0 -0.04278180324233704 0.5622022026104313 0.1631740704676367 0.07514481708959697
0 0.29451071102295684 0.5233136289274307 0.036942663866419534 0.025708015914938542
0 0.3320594139065696 0.5162801809047648 0.01794122115847241 0.018354169742141102
0 0.26911774102064245 0.5152558005907864 0.031672581461664795 0.015761725273324867
0 0.23578343662411833 0.5153380726110265 0.030275983598871764 0.016124783057625658
0 0.35889781371493723 0.5131691440902231 0.02342134207855795 0.011746276525904653
0 0.30534397226371823 0.5125033243261174 0.024944162896957278 0.01971948141737978
4 0.5233019567310536 0.5215454307131794 0.0059792843775154925 0.04258995197397053
4 0.9223257204989079 0.5323023969901481 0.01667796108981534 0.07551445260482176
4 0.6259266266379363 0.5272992034533429 0.007263082282426447 0.05782323485667501
4 0.3999404404938143 0.5170114476495626 0.00442293673404609 0.03153324367398336
