0 -0.04945392955335559 0.5623537593417027 0.1658936865791138 0.07552028247302511
0 0.5711718862954189 0.5203312036621863 0.026392381491965433 0.024574374098272345
0 0.6111949073378755 0.5092415703378741 0.01146733053362925 0.012307554863435155
0 0.5860752798195291 0.5164533114930574 0.018795043743892625 0.021093479666987713
0 0.5272232253240605 0.5131081495627199 0.026408792165581008 0.015615742839660829
0 0.5010098982381836 0.5124211801872935 0.022746899260493447 0.01542735665179007
0 0.6301028160770192 0.5118665898297583 0.028903982410803497 0.014903807191910978
0 0.5480564386570989 0.5119698719015733 0.023413356375623806 0.012460432673085386
0 0.6888629049086223 0.5122224512510674 0.030260220329946685 0.018529509317298354
0 0.5590741422636635 0.5111053572137103 0.023439571196356423 0.020948818007809344
4 0.7141480401303291 0.5266336664775043 0.008892300235709527 0.05533550949771465
