0 0.7374324040336342 0.5253321471039587 0.03491378090256103 0.03215518502162551
0 0.7711084332814067 0.5110509896520048 0.016704741666607292 0.015823809214675855
0 0.7494714428319716 0.5210776311048787 0.026819841492605523 0.028414299786307273
0 0.6587258546310435 0.5149690277515309 0.03464838701224193 0.019155931109101743
0 0.6247557999207959 0.5136474463933638 0.028144155070825905 0.01824685097054124
0 0.039754885352990474 0.5238588576707521 0.038314206107401834 0.025924785622933766
0 0.8125917830909133 0.5166238592464909 0.03912233160675482 0.02052510948174524
0 0.7153516807522533 0.5130790963128191 0.027211015249418047 0.018426835612797787
0 0.9138287036402444 0.5171746337259943 0.060522397587619126 0.02761135713434082
0 0.7029036845474514 0.5131666510481364 0.033038604397728766 0.026476566361731235
