0 -0.04867387608232796 0.5625447369716047 0.16621139159444415 0.07570010360063262
0 0.5106168135643693 0.5198096959437116 0.02569154477846486 0.02330279633640231
0 0.5279788723845822 0.5156488792996141 0.01737483298632536 0.019516016226757138
0 0.4739127796019279 0.5129882165176094 0.025365428643323362 0.014878801732424174
0 0.448523921414263 0.5124881109409498 0.022344398435550306 0.014898874057131084
0 0.5980222515699531 0.5126206883230077 0.021517172043841737 0.014190614865447593
0 0.5535901392854724 0.5112277016460882 0.018247823505848526 0.014407377416029932
0 0.5039963484006801 0.5108909199641576 0.02192480888257392 0.019752028331133098
4 1.0012902442659288 0.5495162404696818 0.01918845346616327 0.10625955773181311
4 0.6228796639244949 0.5221346659642092 0.0065146846626535915 0.045175834908849966
