0 0.7231029474542947 0.5246466290259009 0.033769482347943636 0.031098995613076497
0 0.7573277426997156 0.5108245926168372 0.016106550897976857 0.015458079037263817
0 0.7350890090701582 0.5205477989491074 0.025891346472509458 0.027637738754840213
0 0.6481771603557571 0.5147389557744697 0.03368257062497115 0.018790386809025228
0 0.6151305116475417 0.5134812646634379 0.0274928423749472 0.017953506890719728
0 0.02237855714750472 0.5245931771248145 0.04009377264402255 0.02666018616275656
0 0.7982785722826655 0.5162277861824449 0.037349601673383304 0.01997106519112013
0 0.7062495522617951 0.5128984888806701 0.02647618943096297 0.018147922171284803
0 0.8920529718665975 0.5165774361266703 0.05661604469774828 0.02660215804574584
0 0.6909083947665116 0.5129142241775162 0.031921645349191397 0.025904607373574473
