0 -0.04970162109955468 0.5623477509674539 0.1658814329477853 0.07550540334663614
0 0.5818758109695781 0.5204730079706259 0.026655603373894943 0.02484990523550301
0 0.596380480793314 0.5166359907582404 0.019126516405397975 0.02143407421407617
0 0.536328029099506 0.5131601345882166 0.026709968048871713 0.01577932805001525
0 0.5098478451487757 0.5124397300699688 0.0229164017332793 0.015551781077161153
0 0.6400493272012748 0.5119387726538378 0.029086127584694532 0.015124907777351315
0 0.7016806693676721 0.5124127147644584 0.031367734103081135 0.018949475731921406
0 0.5686456342527553 0.5111695984284386 0.0238174888440269 0.021208753598755736
4 0.7701811609826195 0.539234501828508 0.011086718610895274 0.044167098392134285
4 0.7326135430503014 0.52767537869125 0.00950086719948473 0.05766171185308122
