0 -0.052849990344234474 0.56214350390556 0.16689628628476902 0.07562826392006083
0 0.6148167328117375 0.5211138859505302 0.027666735617024485 0.02585898043407575
0 0.628133378960925 0.5173947556798546 0.02029838082594626 0.022600295660046732
0 0.5636856611627369 0.5134370681296823 0.027846027096574133 0.016358613410928258
0 0.5361666765922373 0.5125892999247094 0.023613563364102474 0.01600282655059604
0 0.6707820774076912 0.5122872825998288 0.02843749834946152 0.015719652799751516
0 0.6922282177260208 0.5139353310548405 0.027374690187045858 0.01637436962974992
0 0.5763335667219218 0.5121305675063286 0.02442431189969263 0.012888736339467077
0 0.7423026005457405 0.5132743150928027 0.03531565525135427 0.020384959123865287
0 0.5977289897451543 0.5115127451599492 0.025185304328188995 0.022096795330617036
4 0.7957692715220521 0.5317482516146064 0.011955090763362652 0.0661536204841609
