0 -0.05519619241389644 0.5622445150661324 0.16775869328498563 0.07583121654704905
0 0.6259865495559929 0.5213613836393584 0.028085416849140565 0.026241549089865757
0 0.6636346955699248 0.5097540295743207 0.01276361610919241 0.013255520726507708
0 0.6389018553530783 0.5176767620786014 0.02074981921289687 0.023035318562649065
0 0.5727162908662793 0.5135499993010588 0.02830275547262251 0.01657383846107241
0 0.5447724030221062 0.5126604953396765 0.02390641108077418 0.016173221460774934
0 0.6811988970175427 0.5123863087882674 0.0278265113372137 0.01588116066262668
0 0.7028870297960699 0.514155742358881 0.028219330427824096 0.016678224747892267
0 0.7564652946665266 0.5135790699685034 0.03688117094849841 0.020914023086950118
0 0.6074432895373567 0.511642154031644 0.025721153626406146 0.02242915497265785
4 0.8198942341497267 0.533379088854502 0.013055406361842437 0.06959477596408586
