0 -0.049273329736143776 0.5625023907589207 0.16639646815077372 0.07573868169538756
0 0.481720291961643 0.5197419137768342 0.02582215556680295 0.022778039262199568
0 0.5003543272179363 0.5154441643683272 0.016967762198201286 0.018963390314136963
0 0.44736802417979593 0.5130371619108973 0.025292918276695275 0.014679377971674734
0 0.42192364149609196 0.5126234188976746 0.02252781256143016 0.014773383140488039
0 0.5728227058882253 0.5124969290008803 0.02043422204045786 0.013697760445553486
0 0.5310017602539859 0.511212014408488 0.017659498806258167 0.014099938747688334
0 0.47715674698807353 0.5109034012842288 0.021584349826013705 0.019357736083020716
4 0.8701579365662468 0.5401660383040616 0.014115422187959248 0.08540988796304894
4 1.0060778407070825 0.5590733067489447 0.024388385421297065 0.1280492519116619
