0 0.4134805483059234 0.522264295751297 0.035112697227648926 0.01742781453733855 -17.18130772146361 -11.73742637539732 1.1356671511212149 2.5736622133193743 57.553935870844406 59.83343639154929 
0 0.428796990309419 0.5201619628445217 0.027503270181544137 0.024549593429553873 -13.146559014085454 -9.16592110894419 0.6149400797562066 2.5155942267648044 53.938400177538405 56.09578842387035 
0 0.48688494953840145 0.5215941509768398 0.02621455529388972 0.0182562217562261 -4.303936264850591 -0.0013098428998148393 1.0352653500005227 2.5360281671064606 57.185570790342574 59.27588972350642 
0 0.20197450792302188 0.7301669404581639 0.3527283054713101 0.42245257012800697 -4.37703464706118 -2.463617289539826 0.1547166245570022 2.070385233431174 3.2243732374101732 7.112602540667165 
0 0.42534329154993145 0.563311894120618 0.057418403628193726 0.0739213153154501 -4.4409565231214 -2.4584294174263164 0.673113789886673 2.1834464401751497 15.000139276905813 18.82578697254023 
0 0.625873850841721 0.5174920744430164 0.025471152018240018 0.01859010734772748 21.033392167127985 25.083837917203 0.744315347289161 2.441294752526992 63.25823361666556 65.20895407777249 
0 0.591770842584776 0.5195131020846968 0.032080136907235435 0.01645243777835459 14.107641399164763 19.52626807415173 1.0318490309213653 2.5318001892737376 63.2626947002419 65.4284837677913 
0 0.45546323212197226 0.5345828453701007 0.03085229341816692 0.05035968648950895 -4.492824126593746 -2.5524346516777996 0.3797487694911781 2.2684586152038255 26.18096895892964 30.802655906787088 
0 0.5611121821798168 0.5211018091489834 0.02374001452503527 0.018896810787277896 8.127555418731149 11.856692400685006 0.9540750501746794 2.4856217535783784 56.42031457500314 58.46375393509917 
0 0.6187940110015938 0.5173424636733306 0.02935608398604228 0.016946959422721064 20.428324406045235 25.455065460919926 0.8515732163103186 2.480412775557281 66.67433618924088 68.8154494140179 
