0 0.4156266675231944 0.5203742976380838 0.03527972384432532 0.01758958073337291 -16.722106266434025 -11.282771137602055 0.9687508209227561 2.400666914643482 57.161346789980726 59.42081392883101 
0 0.42852224177790066 0.5182583078826493 0.027742482008820346 0.024878910911616536 -13.113666018867406 -9.1250827989669 0.45235149346665704 2.3580887551450487 53.54655721076114 55.703751039573405 
0 0.489754855684531 0.5197019052886793 0.026355443952168822 0.018412756238734396 -3.816505223918142 0.49063293164067545 0.8671621299629115 2.365717512122336 56.76163117025611 58.85790414317724 
0 0.10619375042418415 0.80814614697865 0.5103798362923997 0.5798843003738935 -4.37575807389652 -2.463512048375776 0.13521483619142782 2.0402473440111586 2.3568283448433682 6.239392393607886 
0 0.421077536355353 0.5645301636678779 0.061543040177473696 0.07867671083249295 -4.439332468019359 -2.457276683034223 0.6212068775765676 2.120887223037627 14.131128865009725 17.952483879582527 
0 0.6266380622643798 0.5155740349893176 0.025640537517745976 0.018702021727243112 21.03339927813228 25.083845017003895 0.5623603829617612 2.2540427364190885 62.87318890655881 64.81966334271979 
0 0.5923269533512456 0.5176071635645006 0.03228762832907339 0.016551492933740697 14.107648508121486 19.526275173339187 0.8498845380835767 2.3439383518015746 62.87787384746497 65.04001105186555 
0 0.45416582916502557 0.5333892489496264 0.03194043494366017 0.05176969676188958 -4.492017286047854 -2.5518451437191914 0.2951418538212267 2.1765288721592713 25.39753988057839 30.016232546323568 
0 0.5643799372290705 0.5191803999348936 0.024057535563717036 0.019090867803451927 8.590047818564727 12.316474853748034 0.7855511537426716 2.3162982689327603 56.02057880885553 58.05013599113191 
0 0.6194775406307911 0.5154228285245465 0.029539212989052932 0.017043593755624586 20.428331515795534 25.455072559822526 0.6601996733063671 2.2832086177407116 66.28940137132241 68.42642581569525 
