0 0.4179132633311624 0.5189723667513644 0.03546485451895476 0.01787645015836159 -16.235645801603624 -10.806667968401598 0.8403277002875287 2.2719556937592085 56.75901160762127 58.97658790188812 
0 0.4279734279980021 0.5168390928469493 0.027958790565615177 0.025041378281446036 -13.113439106783005 -9.12595685363911 0.33450970101286237 2.2344161266852747 53.13477550064294 55.287977047820895 
0 0.49277625858032414 0.5182786439426883 0.026500456250391213 0.018564720826418912 -3.309889942413349 1.000477446366972 0.7392199521018838 2.2351609544182205 56.30987185885795 58.41097784735336 
0 -0.10381684597328483 0.9880872269410244 0.8838944529810094 0.9391138443269785 -4.3746772741969835 -2.4636193837757787 0.12252203061963596 2.0194014783560936 1.4626730148200728 5.340733785095701 
0 0.41614286929024236 0.566765596346102 0.06641531971987158 0.08424517898661177 -4.437804801964404 -2.4562449421262045 0.5836512304818093 2.0752942820017166 13.238300300305788 17.056327206457176 
0 0.6274650883881865 0.5141257507019998 0.02582660428678396 0.018824053106274885 21.033384339389656 25.08383014588999 0.423934947603648 2.111551636229339 62.46107218728677 64.40428446588814 
0 0.592929003360026 0.5161719829231448 0.0325140302514797 0.016659671149858335 14.10763358211905 19.526260305805877 0.7114505957584569 2.2009800480756336 62.46592856232585 64.6252575837452 
0 0.452720630609285 0.5327729942632508 0.03316785016752155 0.05324818319173774 -4.491231128006376 -2.551287220835576 0.22988401440338313 2.111205348276178 24.57565545162631 29.19423116824462 
0 0.5677169653309886 0.5177290592967259 0.024393867613713538 0.019307804380918947 9.051049594647225 12.775092072277374 0.6556281059800821 2.187547398591292 55.59500703644516 57.611650964900356 
0 0.6202169165266546 0.5139719488269066 0.029739683168541475 0.01714899075757803 20.42831658028568 25.455057689470664 0.5145597779392965 2.133094789430923 65.87735124432402 68.01123298846687 
