0 0.42034574088811705 0.5181433987023286 0.03561477630267679 0.018201061412306707 -15.720106875726373 -10.316919035343801 0.7541687238580526 2.1973681695941174 56.36401815902233 58.5082611891471 
0 0.42738002968187006 0.5160075019748206 0.028166826381963272 0.025100175005118075 -13.112279815145001 -9.130031583963245 0.26650759411214486 2.1537075765061813 52.700746489602345 54.852151709447305 
0 0.495879318385934 0.5174367055685374 0.02664899456260733 0.01870948654666904 -2.796844206184659 1.51549599593028 0.6602163578692224 2.152676043493245 55.83605645121762 57.941167967925516 
0 -0.9967560591079541 1.7867718221848756 2.602639570416275 2.532648048631044 -4.373710984136352 -2.4638268625340913 0.11542070000405169 2.0072025258684225 0.5466912329464932 4.421718758066554 
0 0.4594810706602172 0.5195465191612145 0.02856513079455103 0.021368407899883812 -8.07372080001656 -3.8223822808752175 0.6574575782523218 2.1482754272676536 49.39268751128699 53.19363276535834 
0 0.41039523807766276 0.5702594540959477 0.07222592125692273 0.09083344522395564 -4.436311906090538 -2.455262161623409 0.5610001233801327 2.0476649163509384 12.32439622534401 16.140249720976705 
0 0.6283469066560733 0.5132528373447414 0.0260280427397499 0.018955038381765266 21.03338556222198 25.0838313716215 0.33782398592684015 2.0228973765932827 62.0269358456273 63.96810620937335 
0 0.5935712570110947 0.5153130268868173 0.03275745804134189 0.016775971274500256 14.107634805535994 19.52626153167853 0.6253335302898304 2.112033601019066 62.03189928590562 64.18946945158024 
0 0.451110934525084 0.5328552399598655 0.03455119086445263 0.054933071853664917 -4.490420787664419 -2.550714188464042 0.18844334751714342 2.072910763354886 23.717800204307018 28.337530955240297 
0 0.5711239118613335 0.5168486187990757 0.024751665601689066 0.019561270488937743 9.510443743568558 13.232964532278174 0.5708825024814963 2.1077613249240854 55.14853232673604 57.15360647674945 
0 0.6210048645133279 0.5130952987625265 0.029955933138799407 0.017262135652224675 20.4283178028179 25.455058914763427 0.42394253301143636 2.039679377323134 65.44324875974769 67.57516276926776 
