0 0.42675567729923947 0.5155380604009339 0.02841193689082422 0.02523124261703158 -13.113464685480693 -9.131607814147088 0.22291975053648594 2.1090373314292084 52.25007825616147 54.400570211838016 
0 0.49902427009887407 0.5169831266848883 0.026803927352973878 0.01886025689050519 -2.285082852707518 2.028695667263065 0.6128850791870157 2.1025364605916494 55.3459032839048 57.45458978900261 
0 2.2894076346478403 -1.1120645556856659 4.4585807393558925 4.028856972859421 -4.3729088247368395 -2.4641729535107117 0.11145119421680949 2.000178249864405 -0.38579571074550856 3.487193870805644 
0 0.459122108844328 0.5191319522305091 0.028815473060599395 0.021567929264813546 -8.073717910728305 -3.822379343341339 0.6159990991129369 2.103820448855053 48.94214445512465 52.74193573850813 
0 0.40365924894674376 0.5749560964231903 0.07921399743666074 0.09868255466587628 -4.434896557005345 -2.454405572199846 0.5477192953594794 2.031405868156089 11.39478500517232 15.209204853200614 
0 0.6292745368076976 0.5127649152205298 0.026242106857771397 0.019093382252042268 21.033388441406785 25.083834302067288 0.2863819054803476 1.9699313463794745 61.57624842967259 63.51619468337422 
0 0.5942470674749591 0.5148397777618616 0.03301499684203313 0.01689892940277604 14.107637694394398 19.526264464832906 0.5738877322849341 2.0588927840415043 61.58127596567495 63.73779130821549 
0 0.4493223800605036 0.5334493576189363 0.03610486089249859 0.05692594635886494 -4.489608386122683 -2.5501485276453195 0.1637930167439301 2.050305214427941 22.82963042965029 27.45007134930793 
0 0.5746031601450291 0.5163533438124501 0.025124243009276848 0.01982816681097388 9.969190969132853 13.690417159684515 0.5168167497350689 2.0601190453560783 54.686494473200966 56.68109956437607 
0 0.6218332117290235 0.512602792314421 0.03018512810316243 0.0173816074192652 20.428320684261053 25.45506184558046 0.36980246106603376 1.9838628550732575 64.99257876731066 67.12331291948352 
