0 0.4261075591827082 0.5152292090793924 0.028700950133993985 0.025468875643140043 -13.11570471473604 -9.13094477865539 0.1891539069749386 2.080191249723098 51.78816083843823 53.937894515269875 
0 0.5021949984956826 0.516699440148753 0.02696475709342394 0.01902096254248742 -1.7778829954441449 2.537041730389248 0.57911651451103 2.0666621886575944 54.84506187060451 56.95668688580801 
0 0.7754199707803398 0.25166883785212224 1.757708872880961 1.598233240456164 -4.372242435479336 -2.4646260474720236 0.10903999832069844 1.9955931731622831 -1.3295004052785444 2.5418890578029867 
0 0.4587477201185159 0.5188892410634216 0.029076265341220875 0.0217768655250149 -8.073714298030296 -3.822375769102706 0.5862902397821999 2.072790911422402 48.480344923971046 52.27931390663035 
0 0.39570650340237523 0.5808125717284327 0.08770238355316656 0.10811158276548805 -4.433527123453018 -2.453617104229039 0.5386871222807288 2.020249109065794 10.454776574303516 14.26807825101065 
0 0.6302389280269044 0.5124442433432614 0.026465839650124945 0.01923745622265005 21.033392060827225 25.083837880321937 0.2499787454469271 1.9324433161345949 61.11434141137485 63.05341617841391 
0 0.594949739289629 0.5145343485042404 0.033283573498654184 0.017027037852959004 14.107641306083778 19.526268040900334 0.5374815422471078 2.021280043883823 61.119414538864376 63.27517873182296 
0 0.44734209853515194 0.5343400354260386 0.037844101077732784 0.05927096323156844 -4.48879053109701 -2.5495879461166453 0.14776183739059512 2.03313382202107 21.917957417138844 26.537836418740696 
0 0.5781563964096836 0.516020666315633 0.025503751283348808 0.020077517149354462 10.428459243525722 14.147652882655095 0.4767456191164836 2.0250105966461094 54.214262923098715 56.19893669858318 
0 0.622693752078991 0.5122770365686997 0.03042425322351694 0.01750595621050466 20.42832430144074 25.45506542307794 0.33148011822913603 1.94434714016446 64.53068284518415 66.66057691661968 
