0 0.46227880424232304 0.5174089048376996 0.03774365501790672 0.02064218652927763 -8.428994067766155 -2.8865000172841064 0.5593940153921382 1.9997331595015724 50.48155341459271 55.276260513112675 
0 0.4156671114422963 0.5160564111949981 0.0331149574445086 0.029125770149749708 -13.115499006222677 -9.131215859616589 0.10060820493679468 1.9890559431932837 45.26665222624074 47.414602518541955 
0 0.5524241723463552 0.5175314607826742 0.03133896999288821 0.021843712697193873 5.115056567944961 9.42782186916125 0.468527721122441 1.9539137952966583 47.82305175461563 49.927052406066906 
0 0.45262551822822694 0.5204048253466591 0.03332306867680712 0.025244404692893463 -8.073834349552044 -3.8224957842552385 0.5010573982771047 1.9866317327649399 41.959276559147355 45.75624077269261 
0 0.9663711563817245 0.08042142424263016 2.0521789800026013 1.848105199365448 -4.425943784002271 -2.453967778777752 0.5176279416784451 1.9931511888209235 -1.0393154479667288 2.767555068348951 
0 0.6455585764867782 0.5126024677093746 0.03010073467717611 0.02153657813168286 21.033271999885557 25.083717857612513 0.14675950699931395 1.8260711070335351 54.59313325529534 56.5296738403087 
0 0.6061135698968103 0.5149341186987539 0.0376107444148599 0.01907417407416745 14.107521252407736 19.526148020194753 0.43425355242203767 1.914546231248746 54.598338766875 56.75191783692037 
0 0.38402223683844244 0.5769710984482925 0.10404580212879744 0.1445825598601126 -4.480355907872962 -2.5448595656136774 0.09312058766896247 1.9924228356082516 9.328669898288386 13.952522881351332 
0 0.6353306536210295 0.5156909023436598 0.031431781364468225 0.022879483872753736 16.88789898859399 20.566066654061714 0.2987154118969577 1.8481986228831673 47.60836088174588 49.5063987320456 
4 0.4537109754043465 0.5191024777867419 0.00394227720051088 0.03410732728143229 -5.267890978407138 -4.883996101445632 0.11288556773796588 1.9729187577558596 38.20732238512532 38.59137754075469 
