0 0.4706631400660237 0.5175547292546874 0.03648208518510915 0.020590327780395934 -6.9633343175952405 -1.6957190997793532 0.562438364502986 1.9873419956436789 49.77740894219535 54.967180392646654 
0 0.4121515572653629 0.5167388955069101 0.03462067737187985 0.030367493265756162 -13.115518245060201 -9.131235137066028 0.10065646514302351 1.9890968226271746 43.41935048648409 45.56729245768365 
0 0.5693036889397096 0.5181978651857562 0.03349265188501105 0.02278110063441785 7.0868389855038885 11.386042645687212 0.4636199063813409 1.9491541394363623 45.87560044342101 47.94392463784848 
0 0.4505470446159143 0.5213296023481773 0.03476023230942388 0.02643776453380664 -8.073853596671029 -3.8225150616557073 0.501089912966816 1.9866666691175516 40.11197304392424 43.90893073175549 
0 0.6505753831917934 0.5130432168274788 0.03131683120566131 0.022291652814950047 21.033252759048437 25.083698584587793 0.14684123042889508 1.8261612778285585 52.745824184239424 54.68237162585258 
0 0.609769509991354 0.5154537512065477 0.039047781331269626 0.019747161272734015 14.107502005498091 19.526128745468725 0.4343351860204585 1.9146372369741007 52.751029338016366 54.90461432196744 
0 0.33954792124408356 0.609782427497265 0.16053648600723736 0.20625642592058524 -4.479469233654157 -2.544549851311416 0.10562591094703033 1.982185807850556 6.510104174146292 11.124700833443498 
0 0.6545602379377463 0.5159820359893448 0.03347566934738211 0.02378565045809078 18.73176217957493 22.40369761390079 0.27574930321428903 1.824988988541996 45.748007071063185 47.63473807586516 
0 0.6406849593804602 0.5127435689869028 0.03553764798955095 0.02012051478990018 20.428184999330597 25.45492612674532 0.22278437383321092 1.8321928494896431 56.162191666715856 58.28964902596714 
4 0.4455826480209262 0.5200417579507126 0.004456722053411077 0.03578916273464172 -5.898511593744274 -5.483866046500992 0.11289942367897243 1.9729370842666278 36.41466409465275 36.829478162736805 
