0 0.47239976810165074 0.5176006731590213 0.036199106205523246 0.020633582168677722 -6.6608989246108194 -1.449573181617751 0.5640370599993234 1.9841125619545195 49.60145116953191 54.844707360880136 
0 0.4112259003645209 0.5169146133291301 0.03501880960261006 0.03069479608079284 -13.11552452863009 -9.131241412728599 0.10040327305714314 1.9888511432059885 42.95729194742947 45.10524246461354 
0 0.5737403448818443 0.518357516899445 0.03407374940961361 0.02307062571616303 7.579488931275449 11.87554969832064 0.4599347103860727 1.9483243196419777 45.39300145606691 47.45052554803948 
0 0.4499983283588038 0.5215700148511635 0.03513929487251671 0.026754029343093788 -8.073859878544283 -3.822521337326833 0.5008529822019905 1.9864271790902652 39.649916328320174 43.446880718226254 
0 0.6518847485396746 0.5131541939690629 0.031636155376644215 0.02248885851956106 21.03324647588424 25.08369230801513 0.14655425143489742 1.8258655564913104 52.28377317461491 54.220313574323455 
0 0.6107236777616001 0.5155853015247631 0.039424359474567905 0.019922971628728692 14.107495723577586 19.526122469244413 0.43404820482143736 1.9143405403753868 52.28897869586443 54.44255760608189 
0 0.323339916247962 0.622052516994207 0.18275640033279703 0.22957655053650106 -4.479312641431818 -2.5445042691098365 0.10842494501532252 1.9798255572593177 5.84654699894606 10.45903669026444 
0 0.6596092838084262 0.5160554585706263 0.03402056193931324 0.024029582874511513 19.192504751578383 22.86330794261177 0.26975708581443536 1.8190419250578151 45.28301951777459 47.16745001044522 
0 0.6418331999133324 0.512844947206223 0.03586994030653323 0.020287884165436587 20.428178716459314 25.45491985022312 0.22248192175525783 1.8318807854641421 55.70014071696893 57.8275912858296 
4 0.443453814634344 0.5202835446112594 0.00455473409296292 0.03622915968237339 -6.051662530416564 -5.633863007833611 0.11268832460363809 1.972724380378534 35.97288305879643 36.390842668790484 
