0 0.38157521619401913 0.5178148581594781 0.041145816074717956 0.02541234732710551 -18.421314424840006 -13.473185704932604 0.35263750904259417 2.0133930730621827 46.1746600530416 48.43011552686304 
0 0.474115959386461 0.5176557494489955 0.03588905346147625 0.020807784164060594 -6.362973968612778 -1.2095185213434547 0.5667118863877387 1.9811035434060367 49.432885816340395 54.73010096186153 
0 0.41028041500056944 0.5170944063610172 0.03542617816295601 0.031029265972148612 -13.115531892743064 -9.131248789814777 0.10016522276550188 1.9886201665860452 42.49518571141292 44.64314432475869 
0 0.5782651217106667 0.5185071515654565 0.03467538169602202 0.02340568957127165 8.07133522585113 12.364885908017996 0.4540583423389355 1.9477477279571178 44.91216552707731 46.95831128456397 
0 0.4494372312137411 0.5218162825922568 0.03552675300682995 0.02707796525013728 -8.073867245438606 -3.8225287143941955 0.5006303955647096 1.9862021213503 39.187811819847106 42.98478255902045 
0 0.6532172259951015 0.5132673876707515 0.03196194689541565 0.022689605068421326 21.033239111093522 25.08368493240944 0.14628456676620627 1.8255875465823368 51.82167407157187 53.75820779996038 
0 0.6116946810083954 0.5157194238410616 0.039808237348046505 0.02010195757759159 14.107488356746686 19.526115093067048 0.43377845716827923 1.9140615306214481 51.826879940953496 53.98045309706216 
0 0.303194895659379 0.6375038759897524 0.21137415621694458 0.25860513568416355 -4.479158913732505 -2.5444620476218915 0.11461042967768287 1.9748405690868989 5.180575712486572 9.788540803647592 
0 0.6647608167507068 0.5161305975017101 0.03458001419568135 0.024278463330613786 19.653213308104213 23.322968582162744 0.2637886724923739 1.8131036862586378 44.81811709841423 46.7004157407326 
0 0.6430004606386511 0.5129482529689103 0.03620843674501972 0.02045807840188507 20.428171351183536 25.454912474529877 0.22219758254594124 1.8315872862497475 55.23804167058743 57.36548580640102 
4 0.44126840655641186 0.5205313542663104 0.004649957560899309 0.036679608852947854 -6.204921003767367 -5.784632489887798 0.11249014884761888 1.972524613501023 35.53154892634611 35.951989558444886 
