0 0.3831749784761574 0.5179897392067444 0.04153664361132825 0.025854897750549277 -18.04739815704113 -13.092597380758008 0.34617458443039073 2.017865280939735 45.68891624227056 47.951757354869024 
0 0.4758296436705532 0.5177094058152603 0.03551179706545371 0.02102598637359976 -6.063980812109094 -0.9760511362706836 0.5614394457524519 1.98637078470031 49.277842234805185 54.632500012989134 
0 0.4093145004213713 0.5172787462748194 0.03584308762607086 0.031371128163660944 -13.11553990252321 -9.13125678030346 0.09996391069726718 1.9884248132971307 42.03305079905301 44.18101615917505 
0 0.5828824401857742 0.5186566172770848 0.03529209379057596 0.02375592793958481 8.562934960920032 12.854008847946616 0.447708951575158 1.9472559476871052 44.432852787481686 46.4674169867419 
0 0.4488633570611077 0.5220689460973504 0.03592287217477724 0.027409841433160942 -8.073875251080693 -3.822536704906497 0.5004418842866682 1.9860116192099975 38.72567834715435 42.52265437733433 
0 0.654573381477532 0.5133831833360406 0.03229438996480871 0.02289398215224292 21.033231102310353 25.083676939707928 0.14605634211143048 1.8253524474238885 51.359545103229785 53.29607327215347 
0 0.6126829329406484 0.51585651439479 0.0401996133962812 0.020284200936670715 14.107480350997562 19.5261071012155 0.4335502695901696 1.9138257099197122 51.36475126272166 53.51831962370573 
0 0.27710147147206354 0.6577564406388852 0.2500490580266586 0.29692534380626245 -4.479004897874887 -2.5444243473863537 0.11491038927263397 1.9757904865083922 4.504086093486265 9.112263217559487 
0 0.6700179574501347 0.5162077446343631 0.0351546749859275 0.02453203209086252 20.113878869551158 23.782677217291905 0.25785472990804226 1.807194563114969 44.3532704368582 46.23364093778368 
0 0.6441871733377498 0.5130538612585478 0.036553298620880637 0.020631164601947805 20.428163343117646 25.454904481954244 0.2219571396096598 1.8313392892504112 54.77591274941526 56.90335152432234 
