0 0.3844521214738661 0.5181673989850888 0.04193561044883748 0.026239525988032475 -17.7202618076403 -12.760678341376149 0.3419057569446955 2.0202417376632074 45.20546945862849 47.47510824944474 
0 0.4775291420464291 0.517754637494741 0.035036484142454194 0.021223522836372744 -5.763250092727645 -0.7531134155178734 0.5564448811610347 1.9910394672734613 49.13990719216134 54.55532895967219 
0 0.40832742067287586 0.5174678488121852 0.03626985594991883 0.0317206117669655 -13.115563250379068 -9.131280055604208 0.09980399054036782 1.9882695844669458 41.57091233331449 43.718882865933146 
0 0.5875930881931712 0.5187976291852574 0.035929499405439436 0.024151450367404514 9.05366213286679 13.343066167059007 0.43937654302140494 1.9472642780242424 43.95505222895161 45.97788440045975 
0 0.4482761687875696 0.5223282930157594 0.036327921901999904 0.02774993448214591 -8.073898583375296 -3.8225599802999284 0.500291613791588 1.9858599536589123 38.26354098518649 42.06052107176159 
0 0.6559536775969025 0.5135017164299776 0.03263366523433664 0.0231020784583279 21.033207758213706 25.083653656094626 0.14587473247386074 1.8251656886595475 50.897411194479155 52.833935101140675 
0 0.6136887437966476 0.5159967180772623 0.04059868210769457 0.020469782194639796 14.107457018311706 19.526083820799144 0.4333688602524506 1.9136386122490578 50.90261757638826 53.056182261100936 
0 0.24184526702651205 0.6855392956831763 0.30469400305638783 0.3503034903036838 -4.478862569197929 -2.5444005957718048 0.11160349590531515 1.9798752145347294 3.817442562797872 8.42853447380842 
0 0.6753836099647292 0.5162870448451807 0.035745160004962195 0.02479066480041836 20.574488793389136 24.242398491454807 0.25196303777548046 1.8013179394964278 43.88854470198957 45.767132799442685 
0 0.6453936699293579 0.513161896767637 0.03690468256466983 0.02080720825642579 20.4281400017222 25.4548811988183 0.22176615083707096 1.831142661209516 54.313778876798544 56.441213541669406 
