0 0.385590306459071 0.5183537607706423 0.04231716588523454 0.026443745086853876 -17.412930488796604 -12.452896883988075 0.34421089942204497 2.0170358273776783 44.72323514612101 46.998886598693716 
0 0.4791975826686195 0.5177888321584894 0.03445215737168772 0.021361049650383435 -5.4624252410339125 -0.5437421281260981 0.553142708692206 1.9935145868444313 49.02119137577267 54.49717153180333 
0 0.4073187090756357 0.5176618411586472 0.036706831225654823 0.03207798003357665 -13.115571610102421 -9.13128847339047 0.09968328525540193 1.9881519116900062 41.10876199642452 43.25673612730549 
0 0.5924016945683521 0.5189388228391568 0.036581902905687635 0.02455821566339811 9.544135716326679 13.831942915732213 0.4307826614001615 1.9472233692515102 43.478632093670825 45.48974304947272 
0 0.4476754578661837 0.5225945362900797 0.03674221759082846 0.028098561196428284 -8.073906955550797 -3.822568398010162 0.5001779299484617 1.985745052665616 37.80139141615449 41.59837432456325 
0 0.6573589993193584 0.5136230774242113 0.032979994792381895 0.02331399587622629 21.033199395477325 25.08364524495566 0.1457409239747165 1.8250280701743002 50.435264027638084 52.371784969228074 
0 0.6147128128123938 0.516140127287318 0.04100568562176743 0.02065879080404165 14.107448646443842 19.526075407101743 0.4332348681480278 1.913500355393171 50.44047056427277 52.59403269156026 
0 0.19161156977219096 0.7259289981083292 0.3862495501291143 0.42901456703095076 -4.478689068709144 -2.544349038542606 0.11058964556467954 1.981033323262619 3.124641524595802 7.7365508170219925 
0 0.6808615579099073 0.516367915528122 0.03635204514679413 0.025061641104974774 21.035008550484633 24.70217248459238 0.24610056485345533 1.7953936984285948 43.42393633583133 45.300673043995545 
0 0.6466206670566679 0.5132724359870351 0.03726278586107079 0.020986283705561548 20.428131636822414 25.45487278729547 0.221625839886459 1.8309981413352094 53.85163173507907 55.97906354077428 
