0 0.3867473161064677 0.5185497125275518 0.042684197124986833 0.026517924592027065 -17.104664918811636 -12.147287647100569 0.35131017404517295 2.009973901071852 44.24112980519953 46.522172977193755 
0 0.48081908586534133 0.5178133465761009 0.03376897726056438 0.02143265764522373 -5.164516526163652 -0.3492286617645277 0.5518262885781906 1.9937134216494954 48.92196248086727 54.45441319346266 
0 0.4062875883827969 0.5178616625301585 0.037154354391480016 0.032443482562433346 -13.115579534662118 -9.131296397950166 0.09964947783312361 1.9881181042677278 40.64663053572787 42.79460466660884 
0 0.5973125454460533 0.5190831966701844 0.037247315869801345 0.024963183666200095 10.034662556081472 14.320697540322286 0.4225462784840972 1.9469078145645091 43.00348709967522 45.0030324791341 
0 0.44706065832531006 0.5228686920787575 0.037166049332276574 0.028456025025341947 -8.073914880110493 -3.8225763225698586 0.5001441225261833 1.9857112452433376 37.33925995545784 41.136242863866606 
0 0.6587898386629304 0.5137480708854014 0.03333357647607693 0.023529832698089725 21.03319147091763 25.083637320395965 0.14570711655243818 1.824994262752022 49.97313256694144 51.90965350853143 
0 0.6157554729239207 0.5162875639402462 0.04142083400750518 0.020851318518127826 14.107440721884146 19.526067482542047 0.4332010607257495 1.9134665479708928 49.978339103576126 52.13190123086361 
0 0.11396180648619582 0.78973728898189 0.5187224234832116 0.5545976091171274 -4.478539420549907 -2.5443237995191907 0.11139756918781796 1.9798803457172267 2.4280164550524432 7.039088670555628 
0 0.6864546901940752 0.5164470366840312 0.03697744378716439 0.025364961094007765 21.495074258662854 25.161969696809464 0.2398308227500605 1.7894055004973184 42.95938028896936 44.83387344891701 
0 0.6478685157161349 0.5133862719829607 0.037627778417649305 0.021168465116314428 20.428123712262718 25.454864862735775 0.2215920324641807 1.8309643339129313 53.38950027438242 55.51693208007763 
4 0.4316434882946256 0.5215937285543198 0.005019646423867874 0.0385969138787392 -6.8460019451428025 -6.420902000312481 0.11205360521752428 1.9720849735075858 33.76798745134939 34.19322418167764 
