0 0.3880049620460966 0.5187195412197809 0.04308376301831712 0.02664110565391198 -16.788095224087243 -11.829992658757845 0.3529516132533481 2.008557083473299 43.75868246933787 46.04454530560683 
0 0.48237296380435957 0.5178291724508925 0.03299566230686918 0.021461571105224175 -4.8728230911926005 -0.17181948736242703 0.551627661034902 1.9924884518273989 48.840411503122255 54.423953511996686 
0 0.40523326835135 0.5180660672120425 0.037612830559791643 0.03281740620364759 -13.1155873728774 -9.131304236165448 0.09961555148250656 1.9880841779171108 40.18450288875995 42.33247701964092 
0 0.6023304864830561 0.5192111505568149 0.03791545666406737 0.02530417099274007 10.526030135443563 14.808955255781385 0.41538351651853955 1.9432260294946417 42.52927455610434 44.51782776180184 
0 0.4464312465879086 0.5231496029559559 0.03759976566459966 0.028822667990821338 -8.073922718325775 -3.8225841607851407 0.5001101961755663 1.9856773188927206 36.87713230848992 40.674115216898684 
0 0.6602469365434378 0.5138753855328883 0.03369463695665986 0.023749700909420524 21.033183632702347 25.083629482180683 0.14567319020182112 1.8249603364014049 49.511004919973516 51.447525861563506 
0 0.6168172621038215 0.5164377254258194 0.04184437767339455 0.021047465033926627 14.107432883668864 19.526059644326764 0.43316713437513243 1.9134326216202757 49.516211456608204 51.66977358389569 
0 -0.02334588517295122 0.9051423716989951 0.7653750886882238 0.7831731668953805 -4.478354025859517 -2.544264866253286 0.11310839232116487 1.9775619549069563 1.7295389562224202 6.338943185822657 
0 0.6921641778023342 0.5165218266055918 0.03762610557572044 0.025677500460893454 21.954636544571585 25.621720940381678 0.23232721248786126 1.7839011529957303 42.49484041839257 44.367859333333996 
0 0.6491377859193674 0.513502083004341 0.03799986060839611 0.021353835066798332 20.428115874047435 25.454857024520493 0.22155810611356364 1.830930407562314 52.9273726274145 55.05480443310971 
