0 0.38940639836298285 0.5188818226864867 0.043525092656129194 0.027036098649018347 -16.458313995543023 -11.49586645248283 0.3470706779614665 2.0144379116026236 43.277963829415526 45.56485525463728 
0 0.48385346156219833 0.5178388414258579 0.03215953221132989 0.021453247168934042 -4.58994473621442 -0.010167668941107877 0.5524859939708875 1.9901515633198203 48.77486639058931 54.401484307202935 
0 0.40415493730971724 0.5182752183037735 0.03808267188572434 0.03320005173967411 -13.115595297437125 -9.131312160725173 0.0995815056416498 1.988050132076254 39.722371428080876 41.870345558961844 
0 0.6074573637725131 0.5193357130317009 0.03859705773256894 0.02564125778502302 11.017428430390837 15.297130311222602 0.40819644602418514 1.938871462222491 42.05594018232864 44.03402067783861 
0 0.44578668305019753 0.5234375269308823 0.03804372370116077 0.02919885351208862 -8.0739306428855 -3.8225920853448656 0.5000761503347095 1.9856432730518638 36.415000847810845 40.21198375621961 
0 0.6617310462587421 0.5140050888443846 0.03406341781009514 0.023973718242727537 21.033175708142622 25.08362155762096 0.14563914436096437 1.8249262905605481 49.04887345929444 50.98539440088443 
0 0.6178987286762395 0.5165906905975597 0.04227657868430379 0.021247336631771585 14.107424959109139 19.52605171976704 0.4331330885342757 1.913398575779419 49.05407999592913 51.207642123216615 
0 -0.33934664169695894 1.1766336472717656 1.3624332297378638 1.3233782627811599 -4.478210771256329 -2.5442481924313256 0.11486678761102764 1.9751816246533125 1.0305487865385388 5.638238040848236 
0 0.6979952728958917 0.5165963994362721 0.03829467113334495 0.025995704217719462 22.414009122289002 26.081386052463174 0.22454561638793336 1.7784525031072236 42.030429742152634 43.90223115317852 
0 0.6504290546174016 0.5136199229097389 0.03837924437184337 0.02154248113083923 20.42810794948771 25.454849099960768 0.22152406027270688 1.8308963617214573 52.465241166735424 54.592672972430634 
