0 0.3909775714855002 0.5190900707585502 0.04395350589618574 0.027465391345146917 -16.108889416288406 -11.146700818415752 0.34301678623426657 2.0181259865012025 42.802142739329796 45.082711097066536 
0 0.48525784985357134 0.5178444687129522 0.03129271602366712 0.021426670237302603 -4.318294298883075 0.13780225950893055 0.5537921511499928 1.9874408625247313 48.72292616263546 54.384019263736604 
0 0.3522766647370307 0.5218047241242816 0.05002489307945629 0.02730881709276478 -19.540800112178005 -14.5630958504442 0.4856190735585286 1.996543087681886 39.42270995455377 41.7325624502364 
0 0.4030516834228006 0.518489276137352 0.0385642880288784 0.033591711351393494 -13.11561813149902 -9.131334994787068 0.09954746095202527 1.9880160873866295 39.2602555676592 41.40822969854017 
0 0.6126963904212437 0.5194555242393997 0.03929023328691772 0.025959206126401457 11.509066951052915 15.785031258437954 0.4013767192585185 1.9333185725008661 41.58372473452553 43.551406576203874 
0 0.44512630488369165 0.5237327200515343 0.03849826900105002 0.029584941729179803 -8.073953476947395 -3.8226149194067602 0.500042105645085 1.9856092283622393 35.95288498738917 39.749867895797934 
0 0.66324275738477 0.5141372448145735 0.0344401446605862 0.024201993629941576 21.033152874080727 25.083598723559064 0.14560509967133983 1.8248922458709236 48.586757598872765 50.523278540462755 
0 0.6190002737712406 0.5167465338544188 0.042717679486118376 0.0214510318202904 14.107402125047244 19.526028885705145 0.43309904384465114 1.9133645310897944 48.59196413550745 50.74552626279494 
0 -1.9526537468784024 2.5890069838128547 4.544228796909666 4.144381167320754 -4.478051392569853 -2.544214191733772 0.11612757505110416 1.9734404822321943 0.331657036840987 4.93808720183528 
0 0.7039534064484367 0.5166729374081047 0.03898281758053879 0.02631947507890431 22.873375349070116 26.541051171915996 0.21681326302280723 1.772995945018301 41.56613674715686 43.43680177607642 
0 0.6517427454417822 0.5137398420257817 0.038766123347679704 0.021734482836681113 20.428085115425816 25.454826265898873 0.22149001558308234 1.830862317031833 52.00312530631375 54.13055711200896 
