0 0.3927353917899732 0.5193004860587189 0.04436535151838683 0.027855223025065157 -15.738249454526965 -10.782115144200276 0.3404291638688288 2.020022609295428 42.33518641571672 44.59790294492791 
0 0.4865893459733609 0.5178475754476572 0.030426199449805236 0.021390903289946306 -4.0593016256286205 0.27492565972229954 0.5552862610248717 1.9846875253393068 48.68210009209491 54.36921865968107 
0 0.3505669391118103 0.5220600461035603 0.050684001953219426 0.027638098299640146 -19.54080743232683 -14.563103170593024 0.48558502968432604 1.9965090438076833 38.960605189914276 41.27045768559691 
0 0.40192289292446265 0.5187084176092607 0.03905811773662293 0.033992711276027876 -13.115625451647844 -9.131342314935893 0.09951341707782269 1.987982043512427 38.79815080301971 40.94612493390068 
0 0.6180513239213029 0.5195682353623128 0.039995583328297 0.02625470794522744 12.000920487776767 16.27272688034374 0.39487105432593883 1.9263632844433936 41.11241198820774 43.070130143686086 
0 0.44444980620342533 0.5240354644963842 0.03896379360077862 0.029981331603165406 -8.07396079709622 -3.822622239555585 0.5000080617708824 1.9855751844880367 35.49078022274968 39.28776313115844 
0 0.6647830826411188 0.5142719250070058 0.03482508468117307 0.02443465191588834 21.033145553931902 25.08359140341024 0.14557105579713725 1.824858201996721 48.124652834233274 50.061173775823264 
0 0.6201226926541419 0.5169053387756739 0.04316796915894294 0.02165866336816713 14.10739480489842 19.52602156555632 0.43306499997044856 1.9133304872155918 48.12985937086796 50.28342149815545 
0 2.4517734933104713 -1.221975146235708 4.643487629353429 4.095852617844077 -4.477887198464259 -2.54417722142324 0.11671176424194796 1.9725708497481726 -0.3670742515452403 4.238717286152713 
0 0.7100430387289874 0.5167519423936033 0.03969131783305846 0.02664947646998983 23.332758661702982 27.000738426875657 0.20917049748398342 1.7675420975598575 41.10194970206203 42.97153495647527 
0 0.6530796660821725 0.5138618970785926 0.039160730738584726 0.021929932428475518 20.42807779527699 25.45481894575005 0.22145597170887976 1.8308282731576302 51.54102054167426 53.66845234736947 
4 0.4205702397462633 0.5227704959199992 0.00542316785692637 0.040708761341238575 -7.525351236442617 -7.097347152880445 0.11192486226348741 1.9719564439951687 32.01763735881903 32.44577822787129 
