0 0.3946926778208785 0.519511364266811 0.044749922876847315 0.028235710591279495 -15.344339534312297 -10.404054815653552 0.338284041331242 2.020898685025749 41.88619776659854 44.10917535111602 
0 0.48784314100976467 0.5178494300924037 0.029565156219165445 0.02136731623262267 -3.813550218759218 0.40083308288839703 0.5562259648778376 1.982641542785619 48.64989106758695 54.35645899164963 
0 0.3488171522505561 0.5223214337219955 0.05136043682081021 0.027975407452330514 -19.540814752475654 -14.563110490741849 0.48555086660083413 1.9964748807241914 38.49850042528357 40.8083529209662 
0 0.40076749761928987 0.5189328293360287 0.03956464624970374 0.03440339950835469 -13.115632771796669 -9.131349635084717 0.09947925399433077 1.987947880428935 38.336046038389 40.48402016926997 
0 0.6235247371061148 0.5196826626705888 0.04071862327373399 0.026557042019915267 12.492592885351883 16.76034650386478 0.38831798806548945 1.9194064975149367 40.64204312343108 42.59006933562489 
0 0.4437564200243199 0.5243460594793575 0.039440709306459265 0.030388449413711438 -8.073968117245045 -3.82262955970441 0.4999738986873905 1.9855410214045448 35.02867545811897 38.82565836652773 
0 0.6663527656444266 0.5144092040562114 0.0352185093874785 0.02467182622567532 21.033138233783077 25.083584083261414 0.14553689271364534 1.824824038913229 47.662548069602565 49.599069011192555 
0 1.013793599719185 0.04704361973303067 1.913620380237233 1.6864980284159548 -4.477739904821959 -2.544157401987519 0.11672401228168416 1.9724365492765596 -1.065875220206756 3.539803866601936 
0 0.7162693478607451 0.5168284302591108 0.040418143661866024 0.026985508452979423 23.79228069918861 27.460364320210118 0.20172475845521376 1.7613800138831661 40.63791713094926 42.50607998699955 
0 0.6544403644010048 0.513986147063112 0.039563302539544654 0.022128928365086953 20.428070475128166 25.454811625601224 0.22142180862538785 1.8307941100741383 51.07891577704355 53.20634758273876 
4 0.4176696139332511 0.5230825892034819 0.005541650226957129 0.0412691158464924 -7.6915723393443045 -7.261429844227138 0.11189277059374336 1.971924509483048 31.5833552676866 32.01363454828808 
