0 0.4890218748393813 0.5178504463700688 0.028715817927519482 0.02134945343967376 -3.5807850269219728 0.5163640979471609 0.5568876177293813 1.9810375506269033 48.62481591574649 54.34487775021196 
0 0.3470258785903622 0.5225891101770894 0.0520548812675834 0.0283210416780888 -19.540822072624508 -14.563117810890702 0.48551682272663155 1.9964408368499889 38.03639566064408 40.346248156326716 
0 0.3995845452995346 0.5191627081532486 0.04008436605684634 0.03482413162290843 -13.115640091945522 -9.13135695523357 0.09944521012012819 1.9879138365547324 37.873941273749516 40.021915404630484 
0 0.629121314638134 0.51980044405992 0.04146038052370893 0.026867764728152554 12.984107417215057 17.248029593966095 0.38177073708204734 1.9125789471667585 40.172429621707145 42.111253183070694 
0 0.7104148755472427 0.5127055311355777 0.04365952985559063 0.026079655086898357 26.481421241742837 31.148229786160172 -0.022398466230400427 1.7275042678184125 46.91444621496979 49.21241826727802 
0 0.4430455059731591 0.524664819505392 0.03992943919660297 0.030806735755922077 -8.073975437393898 -3.8226368798532633 0.4999398548131879 1.9855069775303422 34.566570693479484 38.36355360188825 
0 0.667952654119141 0.514549161443004 0.03562069705308668 0.02491364944834662 21.033130913634224 25.08357676311256 0.14550284883944276 1.8247899950390265 47.20044330496308 49.13696424655307 
0 0.6680365851795268 0.35201113697980857 1.4402105359811002 1.268862538445226 -4.477659334018568 -2.544204417602998 0.11641976888361705 1.9727096875125194 -1.764925219713568 2.840932892352484 
0 0.7226351423668662 0.5168941307168272 0.04116779358011047 0.02732323871646969 24.251723429320165 27.919885615466328 0.193480104033241 1.7545487308870527 40.17393354837947 42.0408764410444 
0 0.6558254806971788 0.5141126550076163 0.03997407875137149 0.022331568153895476 20.428063154979313 25.45480430545237 0.22138776475118527 1.830760066199936 50.616811012404064 52.74424281809927 
4 0.4146846871633053 0.5234029616934714 0.005659674724280139 0.04184428610237878 -7.857982763635874 -7.426224346488738 0.11186084119554662 1.9718926988396255 31.14965750767191 31.58155271029903 
