0 0.3992360765874625 0.5199305419552553 0.04533539881659743 0.029005945273989808 -14.48337578974423 -9.618805076840829 0.33418679282897745 2.0206225282237535 41.07937580421746 43.12334415648591 
0 0.4901226408541995 0.5178508665061422 0.02787325620191694 0.02134348115930096 -3.360759827547554 0.6206718994523612 0.557049735283446 1.9800663577398074 48.60579911346184 54.33445606555364 
0 0.3451916079783317 0.5228633053588568 0.05276806094633585 0.02867531550791025 -19.540829479117747 -14.563125217383941 0.4854827785714786 1.996406792694836 37.574287082284656 39.88413957796729 
0 0.3983730268441399 0.5193982560350903 0.0406177997742147 0.035255284086067706 -13.115647498438761 -9.13136436172681 0.09941116596497523 1.9878797923995795 37.41183269539009 39.55980682627106 
0 0.6347931629835166 0.5199224214717699 0.042216601840369905 0.027172110455927823 13.469571047138388 17.72966247711824 0.3757179986001604 1.9055006376948005 39.703519745376795 41.63379638842579 
0 0.7124638153201548 0.5128312597775546 0.044182285268543287 0.026338789763143022 26.481413835249597 31.148222379666933 -0.022432510385553384 1.7274702236632595 46.452337636610366 48.75030968891859 
0 0.6148391949140366 0.5158867059464872 0.03631428668181769 0.020969094355762774 14.444970481217567 19.18438193998651 0.4029546622561042 1.9025317204128958 50.36960300531209 52.48947652211096 
0 0.4423163839497568 0.5249920716313214 0.040430431726242555 0.031236658477813317 -8.073982843887137 -3.8226442863465024 0.49990581065803497 1.9854729333751893 34.10446211512006 37.90144502352882 
0 0.6695836417157999 0.5146918757150346 0.03603194147811006 0.02516026159856599 21.033123507140985 25.08356935661932 0.1454688046842898 1.8247559508838735 46.738334726603654 48.67485566819364 
0 0.4518321191947097 0.5426608004455178 1.368572018052705 1.205696261850083 -4.477600747313261 -2.5442734371658275 0.11605280736011103 1.9730638642050438 -2.464272033099263 2.141822890970481 
0 0.7291450173254841 0.5169560059472414 0.0419407767647334 0.027662945118567928 24.711125696278003 28.379308732499922 0.18492559678719656 1.7474132817132129 39.710084777362496 41.57594648342611 
0 0.6572356896307744 0.5142414824313558 0.040393312471159515 0.022537954441941288 20.428055748486074 25.45479689895913 0.2213537205960323 1.8307260220447827 50.15470243404464 52.28213423973985 
4 0.4116109290818431 0.5237320205897154 0.0057779988490483936 0.04243501369749014 -8.024692949961036 -7.591776048907178 0.11182894726692538 1.9718608900464663 30.71644081929233 31.14949450582303 
