0 0.40181061421882547 0.5201393862918728 0.04547137552452707 0.029380672779702466 -14.07996489156531 -9.157738453012769 0.3327988173089751 2.019458462149175 40.58633337961795 42.777256280792564 
0 0.49114522396514837 0.5178595417775753 0.02702880982367689 0.021256040834537582 -3.152691182595504 0.7130433467662556 0.5610336007943921 1.9770577126231428 48.59354764342314 54.324648682306936 
0 0.3433126672873705 0.5231442533613458 0.0535007286539535 0.029038550120087603 -19.5408520541464 -14.563147792412593 0.4854486155154163 1.9963726296387736 37.1121826630316 39.42203515871423 
0 0.3971317771769161 0.5196396789073426 0.041165489675060174 0.035697240999248425 -13.115670073467413 -9.131386936755462 0.09937700290891294 1.9878456293435172 36.94972827613703 39.097702407018 
0 0.6404240034693598 0.5200514801369855 0.04298250931284009 0.02747187259301631 13.9354636358579 18.191767005038173 0.3702636923686482 1.8983956872592123 39.23556485901522 41.157948296641784 
0 0.7145529440043353 0.5129595089737973 0.04471724509626007 0.02660312338857279 26.481391260220946 31.14819980463828 -0.02246667344161568 1.7274360606071972 45.99023321735731 48.28820526966553 
0 0.44156820984903 0.5253281520858519 0.040944142692342755 0.03167870042315335 -8.074005418915789 -3.822666861375154 0.49987164760197267 1.985438770319127 33.642357695867 37.43934060427576 
0 0.6712465037130652 0.5148374248438541 0.03645253414711114 0.02541180188894987 21.033100932112333 25.08354678159067 0.1454346416282275 1.8247217878278112 46.276230307350595 48.212751248940585 
0 0.6248324200459419 0.5175719701061661 0.04506701310838823 0.022530981771933356 14.10735018307885 19.52597694373675 0.4329285858015388 1.913194073046682 46.28143684398528 48.43499897127277 
4 0.40844868847944826 0.5240703047167379 0.005897283260152375 0.043042275950832876 -8.191322867885418 -7.7576501982262585 0.11179695223687314 1.9718289505559436 30.28347020251224 30.71727965764621 
