0 0.4045375118824324 0.5203461632253283 0.045457261699533236 0.029733782610009474 -13.67301125749026 -8.687571518692238 0.3322012670540475 2.017436534160483 40.1024842614159 42.46669896418839 
0 0.49207251587649903 0.5178810465924732 0.02621834488255298 0.020877145064465474 -2.9616719091908124 0.7935504687392836 0.5543731298261152 1.9916422393706195 48.58508746476203 54.321404485062494 
0 0.3413876717448482 0.5234322142336117 0.054253676449470434 0.029411093380596 -19.540859374295223 -14.563155112561418 0.4854145716412137 1.996338585764571 36.650077898392105 38.95993039407474 
0 0.39585996422367886 0.5198872063589044 0.04172800342936456 0.036150418297855924 -13.115677393616238 -9.131394256904287 0.09934295903471035 1.9878115854693146 36.48762351149754 38.63559764237851 
0 0.6459851048774252 0.5201900041497671 0.04376041036969147 0.027778021631407523 14.378770184614396 18.63143857543953 0.36521345763430824 1.8916862323483454 38.76885076244944 40.683755148616264 
0 0.7166837091476128 0.5130903602967498 0.04526484730036351 0.02687281665735919 26.48138394007212 31.148192484489456 -0.022500717315818264 1.7274020167329946 45.528128452717816 47.82610050502604 
0 0.44080052906526757 0.5256734318473422 0.04147107250265469 0.03213338466388238 -8.074012739064614 -3.822674181523979 0.4998376037277701 1.9854047264449244 33.18025293122751 36.97723583963627 
0 0.6729424319523236 0.5149858992371468 0.03688280485321649 0.025668422175903594 21.03309361196351 25.083539461441845 0.14540059775402492 1.8246877439536087 45.8141255427111 47.75064648430109 
0 0.6260681884621015 0.5177469527780971 0.045567843219254445 0.022760145606084192 14.107342862930025 19.525969623587926 0.43289454192733623 1.9131600291724795 45.81933207934579 47.97289420663328 
4 0.40525040230953674 0.5244238151290475 0.005954950221950472 0.04367543029757204 -8.345661978640038 -7.9204606644111095 0.11176462019662003 1.9717959959370577 29.84433175529079 30.26966985501739 
