0 0.4072905603341006 0.5205462882290127 0.04530928412064855 0.02997698003177507 -13.271622809904613 -8.22848173061709 0.3346545971830852 2.0122059021719902 39.637172693994415 42.17500737570478 
0 0.4929296204738559 0.5178801614512571 0.025418726420866122 0.020607866886277137 -2.7821081038390503 0.8642592475217725 0.5448954595709079 2.010145482634615 48.58162243027377 54.320697523875694 
0 0.3394147589723972 0.5237274514663701 0.055027753674368296 0.029793306895874783 -19.540866694444077 -14.563162432710271 0.48538052776701135 1.9963045418903687 36.18797313375262 38.497825629435255 
0 0.39455629607883613 0.5201410703779064 0.04230595225601558 0.036615248249136756 -13.115684713765091 -9.13140157705314 0.099308915160508 1.9877775415951122 36.025518746858054 38.17349287773902 
0 0.6514950228038665 0.5203371268710263 0.04455302063325639 0.028101189510497004 14.80170615926842 19.051113459453234 0.35986804437350983 1.8859166642380216 38.303123579482616 40.21101261434134 
0 0.7188572479824413 0.5132238917435603 0.045825527331925575 0.027148034042105806 26.481376619923267 31.148185164340603 -0.022534761190020625 1.7273679728587923 45.06602368807833 47.36399574038656 
0 0.6180323339389007 0.5163310046184777 0.03745554110900384 0.021566730874638673 14.444933265891237 19.18434472466018 0.40285241145163697 1.9024294696084285 48.98328905678005 51.10316257357893 
0 0.4400121344958853 0.5260282472550986 0.042012100939849084 0.03260125691115945 -8.074058778086851 -3.822702210214885 0.49980365215764255 1.985370521925767 32.718216420079685 36.5151387291734 
0 0.6746723029109984 0.51513738601374 0.03732307962365866 0.025930277634315657 21.033086291814655 25.08353214129299 0.14536655387982256 1.8246537000794063 45.35202077807162 47.28854171966161 
0 0.627328682144486 0.5179254668044286 0.04607978844544158 0.022994016346199797 14.107335542781172 19.525962303439073 0.43286049805313387 1.9131259852982772 45.35722731470631 47.51078944199379 
4 0.40206040787638136 0.5247913141201856 0.006055868535583375 0.04433452573775232 -8.493460829069932 -8.071326733451343 0.11173196670930352 1.9717631170123606 29.400839663917253 29.823110545041757 
