0 0.4099680596830788 0.520740664588657 0.04511433616380017 0.03012797682450752 -12.882103623928685 -7.7939605844479445 0.3394567961223125 2.004661613480337 39.194592877221666 41.88059699798082 
0 0.4937637265601756 0.5180161749599272 0.02455376878108695 0.02041347389400816 -2.6007873797142054 0.926826626604452 0.5476648726500262 2.0186811177525334 48.583645305737235 54.3173778903641 
0 0.4824961017713305 0.513804316611469 0.011278444835320756 0.017291936163935318 -4.091217129048317 -2.2201092679806322 0.48246017831794474 1.9841957656971236 61.87776954094949 65.52437119107259 
0 0.3373921160809815 0.5240302445366716 0.055823850123581764 0.030185571665392708 -19.540874014592873 -14.563169752859068 0.48534648389280877 1.996270498016166 35.72586836911313 38.03572086479576 
0 0.3932195601619273 0.5204015174639617 0.04289997500831472 0.03709218609124654 -13.115692033913888 -9.131408897201936 0.09927487128630541 1.9877434977209096 35.56341398221856 37.71138811309953 
0 0.6569986937359031 0.5204913592472885 0.04536317167845805 0.028444045995818623 15.2094698197793 19.455902017040543 0.35433933660942607 1.8807588855860786 37.83832884118678 39.73935946236858 
0 0.7210748623494714 0.5133601865085047 0.0463997468353512 0.027428947024396078 26.48136929977447 31.148177844191807 -0.022568805064223207 1.7273339289845897 44.60391892343884 46.901890975747065 
0 0.6191366004319205 0.5164846986764828 0.037851846978785075 0.021773582664411872 14.44492594574244 19.184337404511382 0.4028183675774344 1.902395425734226 48.52118429214056 50.641057808939436 
0 0.43922966739709113 0.5263957814106379 0.04256546366700337 0.03308494131587114 -8.07082061547078 -3.8197077440354974 0.4997339760735122 1.9853648803219557 32.25246320372662 36.050267006651225 
0 0.6764371463453402 0.5152919777985552 0.03777370437105676 0.0261975300954449 21.03307897166586 25.083524821144195 0.14533251000561997 1.8246196562052037 44.88991601343213 46.82643695502212 
0 0.6286146510373328 0.5181076202011884 0.04660321910215126 0.023232740433469568 14.107328222632376 19.525954983290276 0.4328264541789313 1.9130919414240746 44.895122550066816 47.0486846773543 
4 0.40185845723668223 0.5252017278565635 0.006157863055534507 0.045071167493559106 -8.375923126160444 -7.953795244949191 0.11169657941961675 1.9717277292659106 28.920707264073116 29.342971930790355 
