0 0.4125283002967379 0.5209352121809927 0.044921548565430014 0.030304723857825788 -12.510519110255387 -7.384132351110111 0.3417744573470838 1.999904336475189 38.76775162616103 41.58074214854062 
0 0.49452869050300785 0.5179747097502531 0.0237871110644175 0.02054954576269452 -2.4374189951788026 0.9861736637948866 0.540570978325351 2.0282709308752795 48.58961267012465 54.31319071220324 
0 0.48236686847303734 0.513906719189981 0.011368258338011417 0.01742419914253479 -4.091224535541585 -2.2201166744739 0.48242613416279156 1.9841617215419705 61.41566096259005 65.06226261271316 
0 0.33531781933278826 0.5243408900244919 0.056642912601996054 0.030588292314046472 -19.54088142108614 -14.563177159352335 0.4853124397376556 1.996236453861013 35.263759790753696 37.57361228643633 
0 0.39184846923174843 0.520668809306363 0.043510751187370744 0.037581715178922614 -13.115699440407155 -9.131416303695204 0.09924082713115223 1.9877094535657565 35.10130540385913 37.2492795347401 
0 0.6625630730296004 0.520652044582127 0.0461941669268352 0.028806866522162466 15.609321877504229 19.85304749864403 0.34881436272873434 1.8759124393551914 37.3741640778224 39.268470008560485 
0 0.7233379256944008 0.5134993324254855 0.04698799388552877 0.02771573664919702 26.481361893281203 31.14817043769854 -0.022602849219376386 1.7272998848294365 44.141810345079406 46.43978239738763 
0 0.4385807359323999 0.5267900503524718 0.04310890033960091 0.0335962140506495 -8.048961602618562 -3.8001422990430456 0.4994549163863333 1.9855308259235147 31.765099018085664 35.571019805702036 
0 0.6782380484588011 0.5154497723693044 0.03823504471282768 0.02647035040430068 21.03307156517259 25.083517414650927 0.1452984658504668 1.8245856120500505 44.427807435072694 46.364328376662684 
0 0.6299268860157072 0.518293526986197 0.047138526432339733 0.02347647247688911 14.107320816139108 19.52594757679701 0.4327924100237781 1.9130578972689214 44.43301397170738 46.58657609899487 
4 0.3990917317665058 0.5255973326361536 0.0062963597746228395 0.045781526088355284 -8.47787863246407 -8.054249414567579 0.11166356721213955 1.9716948274064474 28.472425647716605 28.896191651115004 
