0 0.41510195499630453 0.5211336357778418 0.04502848527903924 0.03055733121665083 -12.15364160840835 -6.998249187626072 0.34099888342677787 1.9986804200747081 38.35269542761771 41.27369928099372 
0 0.49520492605874405 0.5179653378693416 0.022997042420735858 0.020593651819872716 -2.285319505422649 1.0301606582552836 0.5379530173212326 2.02954233978134 48.59902802335417 54.30872903690186 
0 0.4822356284310193 0.5140106579976353 0.011459509062678175 0.017558497404773443 -4.091247110570237 -2.2201392495025516 0.4823920903160186 1.9841276776951975 60.95355654332821 64.6001581934513 
0 0.33318975331352985 0.5246596920062623 0.05748592846388201 0.031001884761923004 -19.540903996114793 -14.563199734380987 0.4852783958908826 1.99620241001424 34.801655371491854 37.11150786717449 
0 0.39044155763468646 0.520943214559054 0.04413898943747335 0.038084331945348326 -13.115722015435807 -9.131438878723856 0.09920678328437926 1.9876754097189835 34.63920098459729 36.787175115478256 
0 0.6683330046180367 0.5208162149026339 0.047055692199856614 0.02919821194083283 16.016522516697336 20.257895960380495 0.3428866697823125 1.8714068736585758 36.91040520184166 38.79798859402535 
0 0.7256476924591839 0.5136414174277656 0.04759075827420478 0.028008584167035888 26.48133931825255 31.148147862669887 -0.022636893066149355 1.7272658409826636 43.679705925817565 45.97767797812579 
0 0.6214082323152823 0.5168009635369091 0.03866979334701581 0.022199418970488383 14.444895964220521 19.184307422989463 0.40275027957550824 1.9023273377322998 47.596971294519285 49.71684481131816 
0 0.4382017322216725 0.5272252219544625 0.04363847565901158 0.034172498897719894 -7.993057734986991 -3.749849671130221 0.4990999343979896 1.985614988683041 31.24013779462026 35.06466229441647 
0 0.6800759766847142 0.5156108675003572 0.03870746619501941 0.02674890951181741 21.03304899014394 25.083494839622276 0.14526442200369383 1.8245515682032776 43.96570301581085 45.90222395740084 
0 0.6312660599466584 0.5184833010997357 0.047686099799677084 0.023725367302791733 14.107298241110456 19.525925001768357 0.43275836617700514 1.9130238534221484 43.97090955244554 46.12447167973303 
4 0.3954348247707489 0.5259974305652608 0.006424104914459439 0.04649944900083214 -8.645225277708647 -8.223165508140823 0.11163122419007632 1.9716623690301156 28.033112783644277 28.455309338718244 
