0 0.4177291847275234 0.521337118121435 0.045407029684578715 0.030898262427239587 -11.80849699379317 -6.631057174393163 0.341452763049682 1.9966168843439256 37.94584086073447 40.962418222534886 
0 0.4958032395600187 0.5179880404679662 0.02220341989920488 0.020567089421218654 -2.144309340714557 1.0619349881486357 0.5401097431376236 2.0267110604608383 48.61138363069737 54.30450858175481 
0 0.4821025062910703 0.5141161689181175 0.011552222558630476 0.017694879581582 -4.0912544307190615 -2.2201465696513765 0.482358046441816 1.984093633820995 60.49145177868872 64.13805342881182 
0 0.33100608305169266 0.5249869794226867 0.05835394087060736 0.03142679887965072 -19.540911316263617 -14.563207054529812 0.48524435201668004 1.9961683661400373 34.33955060685236 36.649403102535 
0 0.38899769637549575 0.5212250238305822 0.04478543502472443 0.03860057338450995 -13.115729335584632 -9.13144619887268 0.09917273941017668 1.987641365844781 34.1770962199578 36.325070350838764 
0 0.6744212408336389 0.5209800330327277 0.04795269487240694 0.02959802576037307 16.442166642643116 20.681466537415616 0.3367323707243326 1.8666592123233272 36.446389807541316 38.32797464924888 
0 0.728005891645552 0.5137865370593838 0.04820858790035176 0.028307686515883557 26.481331998103727 31.148140542521062 -0.022670936940351938 1.727231797108461 43.217601161178074 45.5155732134863 
0 0.6225769164648964 0.5169637056970905 0.0390919749297447 0.02241864127410209 14.444888644071696 19.184300102840638 0.40271623570130566 1.9022932938580972 47.134866529879794 49.25474004667867 
0 0.43802210071262004 0.5276982266628364 0.04415301398645033 0.034816277303506116 -7.91187544905938 -3.6776138791321387 0.4988587582005706 1.9854384206409958 30.68608941350879 34.53669708493397 
0 0.6819523471264346 0.5157753694725128 0.03919137974909315 0.027033393196028266 21.033041669995114 25.08348751947345 0.14523037812949124 1.824517524329075 43.50359825117136 45.44011919276135 
0 0.6326332676741511 0.5186770664252017 0.04824637819973665 0.023979593115085684 14.107290920961631 19.525917681619532 0.43272432230280256 1.9129898095479458 43.50880478780605 45.662366915093536 
4 0.39168581499195354 0.5264044822797604 0.006651404437745756 0.047232328995027495 -8.82109167978598 -8.387353023966256 0.11159927872098319 1.971631281889176 27.599176994222425 28.033052435516787 
