0 0.4203147275946093 0.5215454288297846 0.04574322895202848 0.0313292745329794 -11.474556371667688 -6.276929063498727 0.34145975953197416 1.9952293687777505 37.542282887149035 40.65987774509909 
0 0.49632418304389203 0.5180723855409786 0.021401461991746862 0.02056304028671585 -2.013947450408722 1.0811694555422093 0.553955186419709 2.0193038500204796 48.627208009819974 54.30001468230059 
0 0.48196737303156434 0.514223287828288 0.011646439099239847 0.01783339439797671 -4.091261750867886 -2.2201538898002013 0.48232400256761343 1.9840595899467923 60.02934701404923 63.67594866417233 
0 0.32876444178847264 0.5253230955764385 0.059248069773711 0.031863505026665684 -19.540918636412442 -14.563214374678637 0.48521030814247745 1.9961343222658348 33.87744584221287 36.187298337895506 
0 0.3875152510372425 0.5215145406982684 0.04545089086717752 0.03913100062561681 -13.115736655733457 -9.131453519021505 0.0991386955359741 1.9876073219705783 33.714991455318305 35.86296558619927 
0 0.7474786016982767 0.5127394791686988 0.03683853818438809 0.02366915420880189 31.560956685907982 35.251312850844684 0.05994012705228435 1.6361426431577963 46.37553256029633 48.28474743585253 
0 0.6808332248002485 0.5211434050165501 0.04888390598269221 0.029984933887202914 16.8857174055253 21.122887922996128 0.3308568974473891 1.8611823220874648 35.98204641230257 37.858474714484494 
0 0.730413936325454 0.5139347894774899 0.04884203205014648 0.028613246020287364 26.481324677954902 31.148133222372238 -0.02270498081455452 1.7271977532342584 42.75549639653858 45.05346844884681 
0 0.6237683308645592 0.517129642074578 0.03952334035312177 0.022642234404913086 14.444881323922871 19.184292782691813 0.4026821918271031 1.9022592499838946 46.6727617652403 48.79263528203918 
0 0.43801067768178475 0.5282119172530372 0.04463980764670106 0.035525610338248415 -7.808896720782997 -3.587812296180914 0.49865993266152775 1.9851134224615263 30.1037889967971 33.987910228782475 
0 0.683868252474259 0.5159433873964487 0.0396871951577451 0.027323992255803287 21.03303434984629 25.083480199324626 0.14519633425528866 1.8244834804548724 43.04149348653187 44.97801442812186 
0 0.6340292732535209 0.5188749500955607 0.048819797734295345 0.024239322743889624 14.107283600812806 19.525910361470707 0.4326902784286 1.9129557656737433 43.04670002316656 45.200262150454044 
4 0.3878740118372841 0.526818982643068 0.006853033872337544 0.04797809436111067 -8.992274728315806 -8.550300863844484 0.11156775924221596 1.971600367545349 27.17103218501429 27.613142834937996 
