0 0.4228915022614378 0.5217551428012606 0.04605147962468342 0.031773107220456454 -11.14774857794805 -5.932051223377783 0.33827136799866175 1.997131106841396 37.145919446176535 40.36520331017172 
0 0.4967807995332418 0.5181712692918063 0.02063278949859637 0.020811531938057404 -1.8955537604484505 1.0928863366420956 0.5747423380258951 2.0127830973234886 48.6467931325754 54.29444492389182 
0 0.48183018269729605 0.5143320517874395 0.01174219533604648 0.017974092214307125 -4.09126907101674 -2.2201612099490546 0.48228995869341085 1.9840255460725897 59.567242249409745 63.21384389953285 
0 0.32646248823403734 0.5256684028151393 0.060169494140487945 0.03231250028990473 -19.540925956561296 -14.56322169482749 0.48517626426827487 1.9961002783916322 33.41534107757339 35.72519357325602 
0 0.38599265320340226 0.5218120857929671 0.04613620037181537 0.03967620644910541 -13.11574397588231 -9.131460839170359 0.09910465166177151 1.9875732780963757 33.25288669067882 35.40086082155979 
0 0.748096996538842 0.512899229080747 0.03722308092068105 0.023862598308734273 31.320691378429117 35.00975815209395 0.0634846157267619 1.6391018001013173 45.91770144439823 47.82829204086988 
0 0.6874167249898225 0.521310811585287 0.04984198705623433 0.030349875481219257 17.33022029447129 21.5650963799323 0.3256497893345873 1.8550808338221043 35.51756375131646 37.389773007036965 
0 0.7328734644921007 0.5140862802538714 0.049491684341993025 0.02892547927109873 26.48131718511722 31.148125729534556 -0.022738995448335908 1.727163738600477 42.29338400445701 44.59135605676525 
0 0.624983145485404 0.5172988676631476 0.039964188998697026 0.022870330336952183 14.444874003774018 19.18428546254296 0.4026481479529005 1.902225206109692 46.21065700060082 48.330530517399694 
0 0.43815415357024823 0.5287697809224574 0.045094731497047735 0.0363025483320385 -7.685738130310909 -3.4827564682452987 0.49843658599816876 1.9847290335725205 29.4939490102783 33.41751220749063 
0 0.6858249561359153 0.5161150352225232 0.04019534749214404 0.027620905994984013 21.033027029697436 25.083472879175773 0.14516229038108608 1.8244494365806698 42.579388721892386 44.515909663482375 
0 0.6354549967645791 0.5190770848552622 0.04940682103631022 0.024504736768065416 14.107276280663953 19.525903041321854 0.4326562345543974 1.9129217217995407 42.584595258527074 44.73815738581456 
0 0.6711783626723424 0.5155167098599172 0.04459343801036686 0.02458260973055848 20.427959271042525 25.454700421515582 0.2210472062928286 1.830419507741579 45.99575642933337 48.12318823502858 
4 0.38399775578235495 0.5272305045713569 0.007116774159108663 0.048720946836598555 -9.172170709861206 -8.710259330456836 0.11153737475058012 1.9715714476564146 26.758270378621845 27.22031854342484 
