0 0.4253612117145355 0.5219645321228095 0.0465735125256278 0.03221693308392204 -10.826358099000004 -5.593291219260237 0.335181767982073 1.9989126699667243 36.75641645223027 40.083511757370246 
0 0.4972068174155352 0.5182800264108625 0.019948899880161075 0.021258937944288014 -1.7871145187939135 1.1066510146254984 0.5931561281029405 2.009391181189582 48.668040218550004 54.28863387569547 
0 0.48169088792113 0.5144424990030414 0.011839529116400738 0.01811702498745127 -4.0912763911655645 -2.2201685300978795 0.4822559148192085 1.9839915021983874 59.10513748477025 62.751739134893356 
0 0.3240977532030888 0.5260232836022087 0.061119464119391065 0.0327743100571416 -19.54093327671012 -14.563229014976315 0.4851422203940725 1.9960662345174298 32.953236312933896 35.26308880861653 
0 0.3844282482352355 0.5221179977817236 0.046842257197127424 0.0402368171246813 -13.115751296031135 -9.131468159319184 0.09907060778756915 1.9875392342221734 32.79078192603933 34.9387560569203 
0 0.6941496282631328 0.5214831677938327 0.050831646889886284 0.0307280132904324 17.772569330520454 22.005389300393688 0.3203802048634845 1.8491173288924567 35.05325016765789 36.92165031064637 
0 0.7353860247106663 0.5142411108921199 0.05015812401033404 0.02924459134601115 26.481310037657252 31.148118582074588 -0.022772859946703194 1.7271298741021097 41.83128686724423 44.129258919552456 
0 0.6262220569025299 0.5174714812618189 0.040414833275136175 0.023103066409081774 14.444866683625193 19.184278142394135 0.40261410407869813 1.9021911622354897 45.74855223596133 47.8684257527602 
0 0.4384431790825589 0.5293758356354308 0.045516664700331944 0.03715136212654857 -7.543591851967733 -3.3642725591041938 0.498174716749173 1.9843099260730637 28.85723178285113 32.82419953452491 
0 0.6878237759579902 0.5162904318794678 0.04071629293531598 0.02792434247197706 21.03301970954861 25.083465559026948 0.14512824650688372 1.8244153927064675 42.117283957252894 44.053804898842884 
0 0.6369113979270317 0.5192836092171493 0.05000793251009017 0.024776023748926623 14.107268960515128 19.52589572117303 0.43262219068019503 1.9128876779253383 42.12249049388758 44.27605262117507 
0 0.6728818138880681 0.5156726953574862 0.04511344198777856 0.024832921299757893 20.4279519508937 25.454693101366757 0.22101316241862623 1.8303854638673767 45.53365166469388 47.66108347038909 
4 0.38012086282054697 0.5276461272133991 0.007317382461494937 0.049469782659631756 -9.340686957151064 -8.867007428982191 0.11150763551374321 1.9715425725362794 26.354289261634634 26.828105575170326 
