0 0.42768032947609946 0.5221718436386111 0.04741800057979678 0.03264172607768068 -10.507557492481368 -5.259964953169771 0.33265028072093594 2.00007118302442 36.37550338954477 39.81653639881868 
0 0.4975844850041278 0.518304885760526 0.019295576877272236 0.021409224773307534 -1.68797745386712 1.1152232226902754 0.5892259997109777 2.017228527477153 48.686961134955915 54.28820458922163 
0 0.4815493515699085 0.5145546687911065 0.011938484750799394 0.018262246225119183 -4.091298966194188 -2.220191105126503 0.4822218709724355 1.9839574583516144 58.64303306550841 62.289634715631514 
0 0.3216674737283107 0.5263881416567837 0.062099314875434686 0.03324948969739383 -19.540955851738744 -14.563251590004938 0.48510817654729954 1.9960321906706568 32.491131893672055 34.80098438935469 
0 0.3828186692125005 0.5224329380289165 0.04756986291786619 0.04081353520830511 -13.115899905170892 -9.13165176002883 0.09905051070854798 1.9874861013331886 32.32871167907508 34.4766504618435 
0 0.7010384347726031 0.5216609842409441 0.05185515625001769 0.03112480163285125 18.212737642381498 22.443817479022357 0.31500434639943475 1.8433561190654928 34.5889938031988 36.453977185533084 
0 0.7379533486339076 0.5143993952487981 0.050842018223923646 0.02957082819342377 26.48128746262863 31.148096007045964 -0.022806903793476163 1.7270958302553368 41.36918244798239 43.667154500290614 
0 0.6274856733786899 0.5176475855344389 0.0408755937068106 0.02334058542094053 14.44484410859657 19.18425556736551 0.40258006023192516 1.9021571183887167 45.286447816699486 47.40632133349836 
0 0.4388692269038954 0.5300347500404785 0.0459071730402032 0.03807779610243289 -7.383611475446742 -3.234005257993118 0.49787768916204445 1.9838605403877154 28.194235152551805 32.20649408967747 
0 0.6898659602819623 0.5164697014138588 0.04125050396114194 0.028234518751316884 21.032997134519988 25.083442983998324 0.14509420266011075 1.8243813488596945 41.65517953799105 43.59170047958104 
0 0.6383993520877405 0.5194946676198701 0.050623632850114286 0.025053380466386166 14.107246385486505 19.525873146144406 0.43258814683342206 1.9128536340785653 41.66038607462574 43.81394820191323 
0 0.6746194108372948 0.5158318599269953 0.045645437217697316 0.02508838142076486 20.427929375865077 25.454670526338134 0.22097911857185326 1.830351420020604 45.071547245432036 47.198979051127246 
4 0.376243169322249 0.5280666712072205 0.007497996402009988 0.05022733560114645 -9.502103606766497 -9.01812577699937 0.11147844662542394 1.9715141395336386 25.957790077738956 26.441904692845178 
