0 0.4300345339807611 0.5223757603460395 0.04822642338828104 0.0330416259097851 -10.189382297693925 -4.931048008493235 0.3307622571787596 2.000520328910882 36.005113799711054 39.564482852378276 
0 0.49790896248494815 0.5182918046578362 0.018673205811025384 0.021396713012414414 -1.5985945049893928 1.1179911776214055 0.5886937910167145 2.0167786565192776 48.708795033631034 54.28769902336967 
0 0.4814056992044251 0.5146686019596778 0.012039092271455942 0.018409811488487193 -4.091306286343041 -2.220198425275356 0.48218782709823294 1.9839234144774118 58.18092830086893 61.82752995099203 
0 0.3191692093910323 0.5267634045895919 0.06311043897768959 0.03373862821107654 -19.540963171887597 -14.563258910153792 0.48507413267309696 1.9959981467964543 32.02902712903257 34.338879624715204 
0 0.3811954305169752 0.5227527572748566 0.04832210230248446 0.0414069775342516 -13.11322809707508 -9.12847686570339 0.09882533599526044 1.9877060222546334 31.8659728354814 34.01449042636409 
0 0.7080890441195091 0.52184546510452 0.05291343235249257 0.031544435853992914 18.65076654983288 22.880332085811105 0.3096258137187369 1.8377851695614607 34.124972333286394 35.986581576292735 
0 0.7405774678028103 0.5145612508924821 0.05154404520346145 0.029904426049514488 26.481280142479775 31.14808868689711 -0.022840947667678746 1.7270617863811342 40.907077683342905 43.20504973565113 
0 0.6287749801010097 0.517827287742951 0.04134682206376383 0.023583036638987753 14.444836788447716 19.184248247216658 0.4025460163577226 1.9021230745145141 44.82434305206 46.94421656885888 
0 0.4393801055997628 0.530750532827623 0.04624288223873002 0.03909064583901123 -7.210550552867829 -3.098230386776862 0.49763375367335905 1.9833073563138985 27.506743431040974 31.565536949941404 
0 0.6919531973342177 0.5166529738221339 0.04179849497120347 0.028551662354664997 21.032989814371135 25.08343566384947 0.14506015878590817 1.824347304985492 41.19307477335157 43.12959571494156 
0 0.6399201558173115 0.5197104114000748 0.05125446733647743 0.02533701322860138 14.107239065337652 19.525865825995552 0.4325541029592195 1.9128195902043628 41.19828130998626 43.35184343727374 
0 0.6763924313801947 0.5159943020165714 0.046189847878081336 0.02534915094717005 20.427922055716223 25.45466320618928 0.22094507469765068 1.830317376146401 44.60944248079255 46.73687428648776 
4 0.37309631790861025 0.5285402078052502 0.0076433101094509626 0.05107749635645642 -9.579274682093512 -9.097897210706037 0.11144664915861835 1.9714821512342888 25.526044027608023 26.00755828434164 
