0 0.4324312620591588 0.5225752987289167 0.0489828478552603 0.03341890786129198 -9.87060283278035 -4.606204554678328 0.32938694561179815 2.0004009748042813 35.64677034065825 39.32719044044393 
0 0.498184028579443 0.5182707050106274 0.0180801900530147 0.02133326114304479 -1.5183078443433544 1.1153840440077545 0.5895284911069927 2.01402702222118 48.73213225150555 54.28770564981831 
0 0.4812597895322286 0.5147843413179338 0.012141399438692746 0.01855977905879691 -4.09131369283628 -2.2202058317685953 0.48215378294308 1.9838893703222589 57.718819722509494 61.365421372632596 
0 0.3165998737377409 0.5271495271718758 0.0641543515730913 0.034242352736091664 -19.540970578380836 -14.56326631664703 0.485040088517944 1.9959641026413013 31.566918550673137 33.87677104635577 
0 0.3795914725318401 0.5230765773953552 0.04910173585398908 0.04201903809185015 -13.105179710218607 -9.118217975219096 0.09831043187887567 1.9883112387812067 31.4010583617289 33.553113736902105 
0 0.7153360707291965 0.522035345734394 0.05401155500507493 0.031989269397920794 19.089367402906234 23.317746000632326 0.3039468769909659 1.8325441710034316 33.6610717810415 35.519532072869296 
0 0.7432601761827757 0.5147268013246021 0.05226491279681689 0.03024563948114739 26.481272735986536 31.148081280403872 -0.022874991822831703 1.7270277422259812 40.44496910498347 42.742941157291696 
0 0.6300906570040009 0.5180107007042499 0.04182887277144576 0.023830577106678685 14.444829381954477 19.18424084072342 0.4025119722025696 1.9020890303593612 44.36223447370057 46.48210799049944 
0 0.4398156474178697 0.5315109398965179 0.046512563925639905 0.040176853211952857 -7.0410201791983695 -2.9728351389939576 0.49755392680163824 1.9825982235443609 26.812141285714404 30.91541394427358 
0 0.694086878419285 0.5168403861243674 0.04236079223826161 0.028876013131367007 21.032982407877896 25.083428257356232 0.1450261146307552 1.824313260830339 40.730966194992135 42.667487136582125 
0 0.6414747887332919 0.5199310000479918 0.05190099251949809 0.02562713955876339 14.107231658844412 19.525858419502313 0.4325200588040665 1.9127855460492098 40.73617273162682 42.88973485891431 
0 0.6782018616956813 0.5161601251894494 0.0467471046692739 0.025615399119249482 20.427914649222984 25.45465579969604 0.22091103054249772 1.8302833319912484 44.14733390243312 46.27476570812833 
4 0.37010810412121015 0.5290525371714878 0.007771707754271606 0.051995612301118266 -9.624601737508812 -9.153717693396658 0.1114134403246203 1.9714481721090262 25.0752034415127 25.54622427099929 
