0 0.4348589318850895 0.5227703037915442 0.049682497908767775 0.03379485132991222 -9.55174646045856 -4.287229267310693 0.32794726373253535 2.0002998461390264 35.29988172481552 39.10932136071658 
0 0.49841407377038943 0.5182524911714073 0.01751816823732011 0.021268832167864127 -1.4465944392105143 1.1081835008921814 0.5906309920911783 2.0114659797911396 48.75604478564259 54.28835839441834 
0 0.48111157587401654 0.5149019262697376 0.012245445853359682 0.01871220293626996 -4.091320840296248 -2.220212979228563 0.4821197396307786 1.9838553270099575 57.25672258530989 60.90332423543299 
0 0.31395647989068665 0.5275469747455575 0.06523261122837093 0.03476130714999648 -19.540977725840804 -14.563273464106999 0.4850060452056426 1.995930059329 31.10482141347353 33.414673909156164 
0 0.37819454085666904 0.5233920090189297 0.04991458601471882 0.042655446954787624 -13.075381880180629 -9.081872939096769 0.09678799483924472 1.990213141583318 30.92974864232515 33.092434034650296 
0 0.722997510668042 0.5222259193041516 0.05516639243812482 0.03247473456354 19.548716174669508 23.77652912090592 0.29732089141287155 1.8277688638750071 33.197026582430695 35.05268949776078 
0 0.7460033710171808 0.5148961688652512 0.053005342554387935 0.030594720621818727 26.48126558852657 31.148074132943904 -0.022909035135133093 1.7269936989136798 39.982871967783865 42.28084402009209 
0 0.6314334798277532 0.518197934336519 0.04232210187189134 0.02408336025125779 14.44482223449451 19.18423369326345 0.40247792889026823 1.9020549870470598 43.90013733650096 46.02001085329984 
0 0.44013206911305314 0.5323338237389914 0.04671430694663875 0.0414166890328419 -6.878534470897051 -2.861046496284956 0.49800311701779676 1.9825179248299472 26.112368505188286 30.25835478813316 
0 0.6962685021176646 0.5170320738109209 0.04293793136199464 0.029207808466790275 21.032975260417928 25.083421109896264 0.14499207131845382 1.8242792175180376 40.26886905779253 42.20538999938252 
0 0.64306434290638 0.5201565911325607 0.0525637721072133 0.025923974976349462 14.107224511384445 19.525851272042345 0.43248601549176513 1.9127515027369084 40.27407559442722 42.4276377217147 
0 0.6800487766951808 0.5163294304864505 0.047317640680289874 0.02588729131124734 20.427907501763016 25.454648652236074 0.22087698723019633 1.8302492886789468 43.68523676523351 45.81266857092872 
4 0.36607007580144263 0.529718913792839 0.006454121397968748 0.053187513468236025 -9.684878308231191 -9.236740756319762 0.11137203583302502 1.9714050229399123 24.512592879563982 24.960867216916625 
