0 0.43732610041261505 0.5229587398254312 0.05029648338096182 0.0341402579656932 -9.23184411708678 -3.973530417385291 0.3271148112828921 1.9995880749406267 34.96883978272227 38.905905548722515 
0 0.4986019876107578 0.5182390833962713 0.016985290250800755 0.021220959457603716 -1.3828930732010178 1.0966835566605369 0.59146642605418 2.009833547134424 48.780128430225446 54.289525188660974 
0 0.4809610013730543 0.5150214023329452 0.012351276902040187 0.018867145181521883 -4.091327815067416 -2.220219953999731 0.4820856968803784 1.9838212842595573 56.794633075550166 60.44123472567327 
0 0.3112357523251913 0.5279562567642516 0.06634692243293056 0.035296196115429224 -19.540984700611972 -14.563280438878166 0.4849720024552424 1.9958960165785997 30.64273190371381 32.95258439939644 
0 0.37708837630678094 0.5237278241601266 0.050748622144772215 0.04334998625690123 -13.015411752518588 -9.013237162076962 0.09484944096684633 1.9925495173081744 30.452128793676735 32.62973982390528 
0 0.7310603491878129 0.5224163221489047 0.05637050944777522 0.03294892430402041 20.02636140960925 24.253346184777186 0.29102876464572436 1.8221585522992183 32.73284688564591 34.58603868344588 
0 0.7488091455047358 0.5150694885181515 0.05376612397179681 0.030951947748562414 26.4812586137554 31.148067158172736 -0.022943077885533292 1.7269596561632796 39.520782458024144 41.81875451033237 
0 0.6328043086186859 0.5183891109017522 0.04282690187947302 0.024341556476149884 14.444815259723342 19.184226718492283 0.40244388613986803 1.9020209442966596 43.43804782674124 45.557921343540116 
0 0.44038531374044876 0.5331996869521485 0.04692933125176196 0.04268731718651364 -6.720535112933419 -2.7555157959470193 0.4983525122654746 1.9824587465217942 25.413077222674886 29.59432544170322 
0 0.6984997213614603 0.5172281865234469 0.04353049903164963 0.02954731043501424 21.03296828564676 25.083414135125096 0.14495802856805362 1.8242451747676374 39.80677954803281 41.7433004896228 
0 0.6446900218763121 0.5203873587491515 0.053243424987040266 0.026227757299865262 14.107217536613277 19.525844297271178 0.43245197274136493 1.9127174599865082 39.811986084667495 41.96554821195498 
0 0.6819343690218558 0.5165023302136521 0.04790193255891717 0.026165011181877418 20.42790052699185 25.454641677464906 0.22084294447979613 1.8302152459285468 43.22314725547379 45.350579061169 
4 0.3617867573889927 0.5305161576373079 0.007116312690725601 0.05463832210763109 -9.787906878625819 -9.26393077611138 0.11132444504304395 1.971363045232809 23.866666154815846 24.390779042563764 
