0 0.4398179927452851 0.5231405979679844 0.05081378480721099 0.034483102475599714 -8.911368411618412 -3.6672606022684704 0.32612639840282287 1.9990284323446759 34.65274509517993 38.72015974749264 
0 0.4987505042657821 0.518229231652392 0.01648153906480554 0.021187684881286972 -1.3268006911691828 1.0812988972148787 0.591598981925928 2.009378499738619 48.804153715909116 54.291101644630494 
0 0.48080791907952103 0.5151428144228712 0.012458943340172002 0.019024667220036928 -4.091349785685196 -2.220241924617511 0.4820516550002596 1.9837872423794385 56.33255535232791 59.97915700245101 
0 0.30843409973880764 0.5283779063388465 0.06749909311591734 0.03584775871696244 -19.541006671229752 -14.563302409495947 0.4849379605751236 1.995861974698481 30.18065418049155 32.490506676174185 
0 0.3764026331388968 0.524095851175825 0.05159869332858502 0.044110566403023244 -12.915035634267497 -8.900755535960542 0.09285902886120323 1.9948046062517926 29.964101862694967 32.16515055590124 
0 0.7394740659906534 0.5226082985623992 0.05762457651882125 0.033420219501889004 20.515858797162636 24.741898791664255 0.2849715472700245 1.8159710959267412 32.268556913204215 34.11961153720909 
0 0.7516795091188637 0.5152468986315837 0.05454806749855934 0.03131760603338318 26.48123664313762 31.148045187554956 -0.022977119765652088 1.7269256142831608 39.058704734801886 41.35667678711011 
0 0.6342038957998205 0.5185843545305169 0.04334366891652364 0.024605339045407182 14.444793289105561 19.184204747874503 0.40240984425974924 1.9019869024165408 42.97597010351898 45.09584362031786 
0 0.4405505163564051 0.5341140970825526 0.04711513467018685 0.04401966170926863 -6.567638748995449 -2.658919114429949 0.49862006551478144 1.9823824411386788 24.7127831007054 28.924072406345992 
0 0.7007820951233196 0.5174288774663163 0.04413909579736841 0.029894787488487506 21.03294631502898 25.083392164507316 0.14492398668793482 1.8242111328875186 39.34470182481055 41.28122276640054 
0 0.6463529254630114 0.5206234810465803 0.05394058241400279 0.026538730284966672 14.107195565995497 19.525822326653397 0.43241793086124614 1.9126834181063894 39.34990836144524 41.503470488732724 
0 0.6838597283722422 0.5166789384792534 0.048500463422074924 0.026448745494016768 20.42787855637407 25.454619706847126 0.22080890259967734 1.830181204048428 42.76106953225153 44.88850133794674 
4 0.3573415478334007 0.5313424686518087 0.008275729661506692 0.05612437341660492 -9.837594420826207 -9.311732002586723 0.11127795073617941 1.9713167103960936 23.23561477003563 23.761613973501973 
