0 0.44232492742457397 0.5233146387723729 0.05121610261621706 0.03481574987365299 -8.591277294437987 -3.3693330816393257 0.32513247198636597 1.9984886730498694 34.353340593402145 38.55217327817487 
0 0.498861549944639 0.5182213431266425 0.01600535599196362 0.021164804382163838 -1.277922597531358 1.062204637507051 0.5916934376969825 2.009211767460638 48.82805309694093 54.292973415516094 
0 0.4806524459007191 0.5152662143012983 0.012568485339475854 0.019184839515102525 -4.091356587767535 -2.2202487266998503 0.4820176128117608 1.9837532001909397 55.87047347000807 59.517075120131175 
0 0.3055481027187422 0.5288125083103924 0.06869107265355551 0.03641680554031823 -19.54101347331209 -14.563309211578286 0.48490391838662483 1.9958279325099821 29.718572298171715 32.02842479385435 
0 0.3760782648361011 0.5244690867024695 0.05245277488580352 0.044830991332517 -12.780607067125658 -8.751922598417593 0.09198600398419954 1.9953679812236533 29.46558759592913 31.69887617970894 
0 0.7482080162238234 0.5227972242238903 0.058930598187144745 0.033939000053241464 21.01256045307852 25.23803745719414 0.2784784651055754 1.8093722192414499 31.804283897040115 33.652812753393185 
0 0.7546170930565553 0.5154285520843723 0.05535208485791965 0.03169201059900856 26.48122984105528 31.148038385472617 -0.02301116195415087 1.726891572094662 38.59662285248205 40.894594904790274 
0 0.6356334526725415 0.5187838033903689 0.04387285826094378 0.024874900548604417 14.444786487023222 19.184197945792164 0.40237580207125045 1.901952860228042 42.513888221199146 44.63376173799802 
0 0.44062337982347943 0.5350885675357829 0.04723576684212144 0.045434692677096544 -6.418052406134791 -2.57157689891136 0.4987965678589603 1.9823817469811966 24.007159831954205 28.244322156950652 
0 0.703117755335174 0.5176343160425488 0.04476440021032513 0.030250536352938173 21.03293951294664 25.083385362424977 0.14488994449943604 1.8241770906990198 38.88261994249071 40.8191408840807 
0 0.648054676353361 0.5208651550828505 0.0546559601915082 0.026857163237371973 14.107188763913157 19.52581552457106 0.43238388867274735 1.9126493759178906 38.8878264791254 41.04138860641289 
0 0.6858264430914485 0.5168593822088711 0.04911378396481869 0.026738701827203393 20.42787175429173 25.454612904764787 0.22077486041117855 1.8301471618599292 42.298987649931696 44.426419455626906 
4 0.35264409978968025 0.5321933831756229 0.008723293004616939 0.05765110294341291 -9.884950587997821 -9.371171422925698 0.11123262910965859 1.9712705065160416 22.620387604721095 23.134303555052277 
