0 0.846935837502163 0.5122641070246918 0.05750321629986754 0.026659538644852654 39.5115078116994 44.329830163875386 -0.06287178727357978 1.5108658885498467 41.31016026957265 43.47625860983402 
0 0.44484206889697386 0.5234793919847098 0.05148909845400923 0.03513024113555774 -8.271310067047011 -3.0811404506744964 0.3242653768498436 1.997848769302373 34.072656310325954 38.4007741188594 
0 0.49893675316010144 0.5182142767129424 0.015553204325207404 0.021147720634254963 -1.2357713870891587 1.0393791408258721 0.5918939732101842 2.0090376420126947 48.85186972575741 54.29504924061622 
0 0.48049443166407085 0.5153916500774146 0.012679956930656155 0.019347727954537097 -4.091363389849903 -2.220255528782218 0.4819835706232618 1.9837191580024407 55.40839158768823 59.05499323781133 
0 0.3025737348108568 0.5292606651833668 0.06992492397058375 0.037004174505111065 -19.54102027539446 -14.563316013660653 0.4848698761981258 1.9957938903214831 29.25649041585187 31.566342911534505 
0 0.3760560765149401 0.524873534065136 0.053313853974475744 0.045560575075689225 -12.61860201816026 -8.573074098684941 0.09223191271063613 1.9942817034861284 28.95561164961434 31.230679917967876 
0 0.7572422543562434 0.5229744855778036 0.06029857567190844 0.0344844893994799 21.51352748093501 25.738942321757776 0.2702860583531268 1.8028695456765695 31.339893179885777 33.18661806135965 
0 0.7576241210860384 0.5156146012642452 0.05617907938763145 0.03207547555763518 26.481223038972914 31.14803158339025 -0.023045204142649878 1.726857529906163 38.134540970162206 40.43251302247043 
0 0.6370938122733137 0.5189875930015848 0.04441490617855903 0.025150430385723732 14.444779684940855 19.184191143709796 0.40234175988275145 1.901918818039543 42.0518063388793 44.17167985567818 
0 0.4405862164789896 0.5361900782120859 0.046905177916592766 0.047004898726944355 -6.255787387274324 -2.50198968070319 0.4986977342327772 1.9834492955253504 23.262470468721872 27.526097052235457 
0 0.7055084297861991 0.5178446708415144 0.04540708062691967 0.03061485258993346 21.032932710864273 25.08337856034261 0.14485590231093703 1.8241430485105208 38.42053806017087 40.35705900176086 
0 0.649796497676576 0.5211125767974457 0.05539025879430659 0.027183324687505728 14.10718196183079 19.52580872248869 0.43234984648424835 1.9126153337293916 38.42574459680556 40.579306724093044 
0 0.6878357146736915 0.5170437860626385 0.04974242702318332 0.02703508436197488 20.42786495220936 25.45460610268242 0.22074081822267955 1.83011311967143 41.83690576761185 43.96433757330706 
4 0.3477556285600473 0.5330810051274857 0.009063241176316184 0.05924448319809328 -9.933036446920994 -9.42854990750584 0.1111878328264948 1.9712250297555103 22.01226664185714 22.516889966556263 
