0 0.8486470649920597 0.5124773452648823 0.05825150544230551 0.026957597599248206 39.25781033751193 44.079027128907384 -0.058421184865373954 1.5152635714508071 40.846995622637216 43.01952872281297 
0 0.4473678414871888 0.5236335032852106 0.051620872606857715 0.035419421655855765 -7.951217685814072 -2.8028374296826257 0.32363144866723537 1.9970150891104288 33.81248362482703 38.26394657514248 
0 0.4989769356065341 0.5182074376017036 0.015121592239574433 0.021133330712085896 -1.1999781181088451 1.0126780179066088 0.5920793416962533 2.0088996178737464 48.87561458569258 54.29721669360355 
0 0.48033381350491 0.5155191725829273 0.012793409240875964 0.019513402128500945 -4.0913701919322705 -2.2202623308645855 0.481949528434763 1.983685115813942 54.946309705368385 58.59291135549149 
0 0.2995068698515386 0.5297230216753714 0.07120285299132184 0.037610763400610314 -19.541027077476826 -14.563322815743021 0.48483583400962704 1.9957598481329843 28.794408533532028 31.104261029214662 
0 0.37631307656234336 0.5253457180720977 0.05419141918319964 0.046401974012427294 -12.432202851397221 -8.36687604726032 0.09289183971041304 1.9925165730909569 28.43327935971717 30.75969659810935 
0 0.7665707268650468 0.5231595736675653 0.06172501896595339 0.035046118062958875 22.01722537049295 26.24272437070934 0.2619904394345869 1.7967035705681513 30.875568587009433 32.7208363711162 
0 0.7607030872602699 0.5158052076798185 0.05703001919349937 0.03246833382253339 26.481216236890546 31.148024781307882 -0.023079246331148662 1.7268234877176643 37.67245908784236 39.97043114015059 
0 0.6385859816012391 0.5191958666665295 0.044970280664924034 0.02543212888270696 14.444772882858487 19.18418434162743 0.40230771769425266 1.9018847758510442 41.58972445655946 43.709597973358335 
0 0.44032059573922633 0.537441650897744 0.04600644344930477 0.048786786227374423 -6.084716744093015 -2.4595486974237133 0.4986551345029522 1.9855228704231094 22.479421586214976 26.76352572698226 
0 0.7079560865392103 0.5180601204930586 0.0460678537426934 0.030988049407763785 21.032925908781905 25.083371758260242 0.14482186012243825 1.824109006322022 37.958456177851026 39.894977119441016 
0 0.651579822606396 0.5213659537700341 0.05614422911909711 0.027517499244385735 14.107175159748422 19.525801920406323 0.43231580429574956 1.9125812915408928 37.963662714485714 40.1172248417732 
0 0.6898889403800106 0.5172322818775764 0.0503869631480941 0.027338109065509375 20.427858150126994 25.45459930060005 0.22070677603418076 1.8300790774829312 41.37482388529201 43.50225569098722 
4 0.3436792235674757 0.5339890331155017 0.00938102714868122 0.06087442826182554 -9.922155221356348 -9.42712853722901 0.11114442590034601 1.9711809293571596 21.42310395821631 21.918267427653042 
