0 0.8503877021259747 0.5126955876561281 0.05901881316060775 0.027262259429952362 39.00339918543497 43.82760864954308 -0.053957689413199894 1.519670940737755 40.384115972253475 42.56329996716013 
0 0.4499042060307489 0.5237758178864779 0.05160801968691703 0.03567961287011934 -7.63096010917198 -2.533324547781177 0.3232470804536838 1.9959690252565114 33.574047716328444 38.13930132807524 
0 0.4989823245372977 0.5182005871665021 0.014705545236240236 0.021120488912555135 -1.170155127737786 0.9817505061331815 0.5921855400533234 2.008832182692797 48.899368556645506 54.29934533157461 
0 0.48017052646586267 0.5156488343568986 0.012908895210123839 0.019681934022063974 -4.09137699401461 -2.2202691329469246 0.481915486246264 1.983651073625443 54.48422782304855 58.13082947317165 
0 0.2963431204771061 0.5302002640822142 0.07252722113276833 0.03823752954852511 -19.541033879559166 -14.56332961782536 0.48480179182112804 1.9957258059444853 28.332326651212192 30.642179146894826 
0 0.37682583932186525 0.5258475562595033 0.05509112113356551 0.047297906222041664 -12.224219777928312 -8.13626227659907 0.09353239070297437 1.990667398917482 27.898086212353896 30.28479605810154 
0 0.7761953254983268 0.5233520883094716 0.06321077951310938 0.03562526516490061 22.52264216876908 26.748288744172072 0.2537466245020843 1.790647266501083 30.411321390098315 32.25526070924062 
0 0.7638566066141215 0.5160005408500536 0.05790592627663582 0.032870934819212994 26.481209434808207 31.148017979225543 -0.023113288519647668 1.7267894455291652 37.210377205522526 39.50834925783075 
0 0.6401110120597937 0.5194087740672224 0.04553947245073775 0.025720205427392506 14.444766080776148 19.18417753954509 0.40227367550575366 1.9018507336625452 41.12764257423962 43.2475160910385 
0 0.43968594352512147 0.5388433203893017 0.0444622688704312 0.050795507843251486 -5.9119229143487075 -2.452636870036713 0.4983178406042863 1.9882367933851743 21.666057634583517 25.956100072239003 
0 0.710462788721354 0.5182808523881633 0.04674747547836611 0.03137045546774031 21.032919106699566 25.083364956177903 0.14478781793393924 1.824074964133523 37.49637429553119 39.43289523712118 
0 0.6534061535373368 0.5216255037011541 0.056918661902899625 0.027859985655512287 14.107168357666083 19.525795118323984 0.43228176210725056 1.9125472493523938 37.50158083216588 39.655142959453364 
0 0.6919875793543662 0.5174250074094306 0.05104799114957104 0.027648001689460577 20.427851348044655 25.454592498517712 0.22067273384568176 1.8300450352944324 40.91274200297217 43.04017380866738 
4 0.8453550572394641 0.5298933611067529 0.011373449813788072 0.0405665401471581 22.22603152425387 22.646159671386144 0.3150614318770726 1.6150923742756 22.537944991744247 22.958168741304867 
4 0.3397301044505686 0.5347032602999434 0.009695749077759108 0.06256995612163596 -9.891685877057398 -9.407869612173897 0.10406836123385332 1.9641040422859808 20.840918211193134 21.324871261416213 
