0 0.8521607510781632 0.5129187467823603 0.05980422368232918 0.027573828142841705 38.748559844610554 43.57566907589377 -0.04949843881959648 1.5240977579515855 39.92165312287319 42.107301704153336 
0 0.45243860234685473 0.5239063226244526 0.05144590561777068 0.03593006612359462 -7.311633971796681 -2.273914337929682 0.3225975566054877 1.9952059442534238 33.356317437139985 38.028735567606056 
0 0.49909013918330697 0.5181936699166556 0.014574293551144701 0.02110878628723023 -1.1459307857378747 0.9460996812489952 0.5921978255655811 2.0088443395396602 48.92319095968974 54.30125975446972 
0 0.48000440972153197 0.5157806885212612 0.013026474775030383 0.019853396562276027 -4.091398964632361 -2.2202911035646764 0.4818814443661452 1.983617031745324 54.0221500998263 57.6687517499494 
0 0.2930764447961479 0.5306930521517368 0.07390074978997091 0.03888623884625131 -19.54116286912162 -14.563448886560963 0.48474862746906333 1.9957043006073734 27.870251351688914 30.18010356161222 
0 0.37751428883807214 0.5263858370869303 0.05601224660003001 0.04825226092088264 -12.002064614009583 -7.888906028617555 0.09434266197004204 1.9885267029186346 27.348928632893497 29.805787400179007 
0 0.7861214654179979 0.5235507201165752 0.06475868616046099 0.036223262481533736 23.02907988004567 27.254927739647187 0.24549076674491954 1.784617038743223 29.947160872006883 31.789856445881817 
0 0.7670872529005432 0.5162007769822152 0.05880786352605838 0.033283641760661675 26.481187464190455 31.14799600860779 -0.023147330399766464 1.7267554036490464 36.748299482300276 39.0462715346085 
0 0.6416698603883434 0.5196264696429869 0.04612298459789144 0.026014876304859214 14.444744110158396 19.184155568927338 0.40223963362563486 1.9018166917824264 40.66556485101737 42.78543836781625 
0 0.4387671682690726 0.5404063553094371 0.04274532270498155 0.05305100880779212 -5.742792335837606 -2.4582383064505393 0.49753445731877344 1.9914170542483132 20.826805212435396 25.104097055443056 
0 0.7130305371088523 0.5185070611614988 0.04744673015037193 0.03176241227695198 21.032897136081814 25.08334298556015 0.14475377605382045 1.8240409222534042 37.03429657230894 38.97081751389893 
0 0.6552769098356611 0.521891452613598 0.0577143752383622 0.028211094495188327 14.107146387048331 19.525773147706232 0.43224772022713176 1.912513207472275 37.03950310894363 39.193065236231114 
0 0.6941330085566557 0.5176221048745022 0.051726127104472885 0.02796499544435438 20.427829377426903 25.45457052789996 0.22063869196556296 1.8300109934143136 40.45066427974992 42.57809608544513 
4 0.3340628342017314 0.532005026242654 0.010041806266443465 0.0643836034442185 -9.931648082398596 -9.462483637343013 -0.005395857352155753 1.8546387481734103 20.228535407886106 20.69783663832073 
