0 0.8539690571834105 0.5131471142797159 0.060609937716062046 0.02789233897135085 38.4934516380269 43.323525430691134 -0.0450306094582027 1.5285244851345392 39.459487953829736 41.651750173220094 
0 0.4549600949183642 0.5240239888370177 0.051138776402833985 0.036157459131672565 -6.993962080636436 -2.0250729297025885 0.32198801197151816 1.9944301996837437 33.16022310626005 37.93140298706315 
0 0.4992244005919787 0.5181866667962713 0.014572218724045127 0.02109692027083332 -1.1317785755362593 0.910219067771294 0.5921725591105014 2.008882705606761 48.945334247400936 54.30466112309996 
0 0.47983558046550023 0.5159147936236131 0.013146194625354879 0.020027869926907194 -4.091405766714729 -2.220297905647044 0.48184740217764643 1.9835829895568253 53.560068217506455 57.20666986762956 
0 0.28973816855743434 0.5312029987476911 0.07532288504134743 0.039549625732482774 -19.53839528145221 -14.56064211671952 0.4846661397154368 1.9957767280849088 27.408060679982086 29.71791355233684 
0 0.3782780565856789 0.5269697209279938 0.05695042216262314 0.049263570832490555 -11.773884699131202 -7.634822498713959 0.09571393516616222 1.985847542966647 26.788090718090118 29.322050822017147 
0 0.7578541511208112 0.5158537819250404 0.04305231011432664 0.027487870882740628 28.227632889283242 31.914322597177275 0.12593122918463395 1.691382128266039 39.95844394049959 41.85844740963242 
0 0.7963586867134167 0.5237478546491298 0.06637066808811465 0.036856687044899195 23.536054123840515 27.76224339877578 0.2368852636372758 1.7782428676937 29.48315226139988 31.32433693186549 
0 0.7703982428930829 0.5164061067659289 0.05973700527960757 0.03370684771219662 26.481180662108088 31.147989206525423 -0.023181372588265248 1.7267213614605477 36.28621759998043 38.58418965228866 
0 0.6432639557360578 0.5198491208545764 0.046721380858196215 0.026316375919487434 14.444737308076029 19.18414876684497 0.4022055914371361 1.9017826495939276 40.20348296869753 42.323356485496404 
0 0.4375981705796246 0.5421766638128367 0.04110675272799724 0.05562401454113275 -5.58112002812797 -2.4645481678821284 0.4965326185696064 1.9960206724454659 19.96120915744507 24.211711203726935 
0 0.7156619269833244 0.5187389574694043 0.048166487049012274 0.03216428942335747 21.032890333999447 25.083336183477783 0.14471973386532166 1.8240068800649054 36.572214689989096 38.508735631579086 
0 0.6571940561789273 0.522164045156023 0.05853227759802371 0.028571161838874093 14.107139584965964 19.525766345623865 0.432213678038633 1.9124791652837763 36.577421226623784 38.73098335391127 
0 0.6963271147115413 0.5178237284439305 0.05242205689596835 0.028289343075209805 20.427822575344535 25.454563725817593 0.22060464977706418 1.8299769512258148 39.98858239743008 42.11601420312529 
4 0.32697853366986984 0.5317360804624112 0.010399543455401616 0.06643968394719046 -10.020721109151367 -9.572033297394427 -0.04153865764707376 1.8184944439345538 19.602528893267802 20.05135349045902 
