0 0.8558025576369894 0.5133812781227388 0.0614341645959795 0.02821603941437867 38.236830660762166 43.06972316973773 -0.04047613350004853 1.5329359808985115 38.99772664841894 41.1963766532159 
0 0.45749175596722025 0.5241271976061884 0.05071955174639381 0.03632960580638378 -6.678120101009426 -1.7818855014583619 0.32216142893175714 1.9929008672347548 32.98757056371796 37.841662668796324 
0 0.4993182189621098 0.5181795842508523 0.01456713791365255 0.021081919129905424 -1.176520850854331 0.9234311315878472 0.5922451670696363 2.0088178706383593 48.94712213111868 54.328195607211164 
0 0.47966387398695504 0.5160512065972914 0.013268118662607575 0.020205432400655088 -4.091412568797097 -2.2203047077294116 0.4818133599891474 1.9835489473683263 53.09798633518661 56.744587985309714 
0 0.2863579639164064 0.5317310728981441 0.07679991437050218 0.04022692633539038 -19.52991129343178 -14.552133815585051 0.4843678833860463 1.9961397513011192 26.9458307978879 29.255247478213157 
0 0.3790306536453273 0.5275950229667894 0.05790897458011168 0.05033580396387649 -11.546511818320084 -7.382211977913812 0.09736324863874923 1.9830357364002296 26.218749279619367 28.833082955803157 
0 0.7587021227097193 0.5161099829592811 0.04358070616302867 0.027811453895603133 27.98720863262635 31.673909452849102 0.1300557705346581 1.6956807706493437 39.49996721022415 41.399963917616965 
0 0.8069177020049609 0.5239309652580031 0.06804856099614265 0.03749786081708617 24.043373115531125 28.26972137650438 0.22774447479351778 1.770673077590712 29.019164650853135 30.85878722196926 
0 0.7737924341381625 0.5166167251451672 0.06069454261471385 0.034140954510245125 26.48117386002572 31.147982404443056 -0.023215414776764254 1.7266873192720487 35.82413571766059 38.122107769968814 
0 0.644894358422784 0.5200768968400544 0.04733521737463897 0.026624941477101927 14.444730505993661 19.184141964762603 0.4021715492486371 1.9017486074054286 39.741401086377685 41.86127460317656 
0 0.43615469029814247 0.5441756509908234 0.039562244876905295 0.05841513999855219 -5.428099409666885 -2.470698696317129 0.49755117768202206 1.9996090488838638 19.07076051437027 23.284563707183786 
0 0.7183591823253126 0.5189767564060181 0.048907623598499206 0.03257646453068841 21.03288353191708 25.083329381395416 0.14468569167682266 1.8239728378764064 36.11013280766925 38.04665374925924 
0 0.6591591749071144 0.5224435309662838 0.05937328128199015 0.02894053133604868 14.107132782883596 19.525759543541497 0.43217963585013397 1.9124451230952773 36.11533934430394 38.26890147159143 
0 0.6985714186776316 0.5180300339858037 0.053136462704158394 0.028621300386970527 20.427815773262168 25.454556923735225 0.22057060758856517 1.8299429090373156 39.526500515110236 41.653932320805445 
4 0.3209946081696681 0.5327496778612177 0.010762799102805864 0.06856511036817026 -10.038333689462291 -9.603338845506357 -0.041583422351902266 1.818448673128664 18.994876702024676 19.430008331451823 
