0 0.8575735953023997 0.5136251057810676 0.06227431332089217 0.028539078482894664 37.96880578498241 42.8045558224192 -0.03546727781609804 1.5373509085483852 38.536308909831696 40.741716161151125 
0 0.46001278550979263 0.5242180669409907 0.05019220115386053 0.03649714080230315 -6.36544398231058 -1.5463313847038478 0.3218768905662146 1.9918244886200551 32.83456229957569 37.76284887748195 
0 0.49936975725055716 0.518172478931694 0.014558828112075095 0.02106277634264253 -1.223899211845378 0.9305050713679464 0.5924748948969729 2.00859283336487 48.949670793849926 54.35075620740454 
0 0.47948921603244976 0.5161899875723058 0.013392307929813885 0.020386166642351045 -4.091419370879407 -2.2203115098117223 0.48177931780064864 1.9835149051798275 52.635904452866775 56.28250610298988 
0 0.28311829394069477 0.5322794271994151 0.07833402138740511 0.040900336465315434 -19.499889903088814 -14.523146575666232 0.4836612407315086 1.997118328754068 26.484162458932154 28.789747889593478 
0 0.3797218573100948 0.528246594579076 0.05889391950345618 0.0514670290171223 -11.323893719183673 -7.13548301683349 0.09871146669343478 1.9806546187928107 25.64314161140721 28.33896170770229 
0 0.7595670636435975 0.5163709715908371 0.04412243121403736 0.028143998147445393 27.746507674304354 31.433293003199864 0.13406657772685393 1.6999628803384281 39.0415338041221 40.9416078294249 
0 0.8177022107869655 0.524120347025421 0.06978831694576204 0.038107872843662016 24.54214795540466 28.7680857819834 0.21930518068060612 1.7624982686447668 28.555339319801483 30.393776718313582 
0 0.7772730057206867 0.5168328391098985 0.06168175373927742 0.034586388822263 26.48116705794341 31.147975602360745 -0.023249456965263038 1.7266532770835499 35.36205383534075 37.66002588764898 
0 0.6465623239763545 0.5203099766465091 0.047965090726098 0.026940824167288824 14.44472370391135 19.184135162680292 0.4021375070601383 1.9017145652169298 39.27931920405785 41.399192720856725 
0 0.43440515377300015 0.5464236428567881 0.03815794647196574 0.06131029285402956 -5.287007126695073 -2.4748818665534316 0.5026911002900838 1.9998656250146116 18.159402308203262 22.33023090789741 
0 0.7211248091693316 0.5192206862742954 0.04967108174068646 0.03299933848522485 21.03287672983477 25.083322579313105 0.14465164948832387 1.8239387956879076 35.648050925349416 37.584571866939406 
0 0.6611740909169512 0.5227301749643871 0.060238365165868 0.02931956788108192 14.107125980801285 19.525752741459186 0.4321455936616352 1.9124110809067785 35.653257461984104 37.80681958927159 
0 0.9472464124702926 0.5188906709329565 0.07177152630187977 0.03836667812365785 35.73558499026791 39.41338338436226 -0.011932553597775897 1.5549287644408876 28.547782170650144 30.42970926787533 
0 0.7008676642472289 0.5182411865315655 0.05387007524073073 0.028961138277917686 20.427808971179857 25.454550121652915 0.2205365654000664 1.8299088668488168 39.0644186327904 41.19185043848561 
4 0.31466510308174644 0.5338373995312525 0.01120861453690325 0.0708459688805867 -10.059805147060871 -9.627444643590735 -0.04162847206717335 1.8184034298236496 18.383343905944336 18.815841194892833 
