0 0.8592278732887114 0.5138799158163114 0.06312413687922724 0.0288711919440634 37.68359024703514 42.521878738204535 -0.0302170042909915 1.5421280648394642 38.0755868651247 40.28702545979889 
0 0.46249727018145537 0.5242967338995705 0.04955821263285748 0.03664772687467255 -6.0575054545002445 -1.3208376493577703 0.3214812584692355 1.9908569838928936 32.70020731759954 37.694964834493824 
0 0.49922484468735207 0.5181654484434555 0.014854137256587185 0.021039772691739178 -1.2723289569479164 0.9313197943683633 0.5928668626668361 2.0082043610144504 48.95326016636695 54.37209647648658 
0 0.47931152976891184 0.5163311987870967 0.013518825732456885 0.02057015828263664 -4.0914261729617465 -2.2203183118940615 0.48174527561214964 1.9834808629913285 52.173822570546925 55.82042422067003 
0 0.2800913846755041 0.5328344689476431 0.07989653645233127 0.04163301980170675 -19.445301797312197 -14.468192058834688 0.48296334299112176 1.9980828759793814 26.020219566502682 28.32546717915934 
0 0.38033561215248235 0.5288955635257103 0.05991214371687653 0.05270121199454603 -11.107110093124504 -6.895734506676007 0.09925147454596384 1.9793475101016855 25.062373483786764 27.839578083345565 
0 0.7604523220446227 0.516638295739161 0.044677466989311854 0.028484298827114785 27.505806541947678 31.19266208458295 0.13812004735890726 1.7042236119037621 38.58308362306288 40.48321736616236 
0 0.8285591701953718 0.5243235870857261 0.07158652901654561 0.03873149166926626 25.018522447852078 29.24399307187943 0.21127975798526144 1.7545562959241008 28.09174950745446 29.92907885185094 
0 0.7808433009370874 0.5170546665946988 0.06269999286617856 0.03504359987684652 26.48116025586107 31.147968800278406 -0.023283499153762044 1.7266192348950509 34.8999719530209 37.19794400532913 
0 0.6482691665278573 0.520548547762328 0.048611628258542594 0.027264287221616335 14.444716901829011 19.184128360597953 0.4021034648716393 1.9016805230284308 38.817237321738 40.937110838536874 
0 0.43063443688476283 0.5489059727399163 0.04036375242000678 0.0645948466911348 -5.1636647944052925 -2.476102902069073 0.5064530059824874 1.9989581660843292 17.230420910438262 21.35815249258352 
0 0.7239614424041803 0.5194709873063954 0.05045785847450157 0.03343333325103759 21.03286992775243 25.083315777230766 0.14461760729982487 1.8239047534994086 35.185969043029566 37.122489984619556 
0 0.6632407229308211 0.523024255826649 0.061128563583092266 0.029708655691120356 14.107119178718946 19.525745939376847 0.4321115514731362 1.9123770387182795 35.191175579664254 37.34473770695174 
0 0.960031724194675 0.5190010596575101 0.07378202611248608 0.03900331600419321 36.194489940578976 39.873589744431754 -0.020074932704633675 1.5467590685599397 28.07882571314186 29.963352947093036 
0 0.703217676983846 0.5184573589625194 0.05462366365218352 0.029309140655274013 20.427802169097518 25.454543319570575 0.22050252321156738 1.829874824660318 38.60233675047055 40.72976855616576 
4 0.3078626871340038 0.535003386960379 0.011707199587204842 0.07329094384103552 -10.084497363979807 -9.652164815721022 -0.04167364895931369 1.8183582508771177 17.770078188163886 18.20254752190113 
