0 0.8608780821908726 0.5141415001192977 0.06399278851277468 0.02922669723093707 37.39381945591728 42.23459857546496 -0.025348264035955026 1.547342526990603 37.61538618779522 39.832208986843845 
0 0.46492793662370563 0.5243634947849278 0.048828349833962004 0.03676741967619035 -5.756082470149067 -1.106346014066446 0.3213552873339356 1.9896275668708152 32.58357294989387 37.636259786607035 
0 0.49905039402527285 0.5181585997685356 0.015120611091603509 0.021013990298794583 -1.320138540965786 0.9259552183714561 0.5933930731088053 2.0076811825941157 48.95815000196665 54.392026987320655 
0 0.4791306380002721 0.5164749033769567 0.013647743288185021 0.020757494357054984 -4.091448143579527 -2.2203402825118417 0.48171123373203084 1.9834468211112097 51.71174484732469 55.35834649744779 
0 0.2773816372145844 0.533407581150651 0.08149154428521233 0.04240655340635868 -19.35780390810453 -14.380207526937198 0.48234274777765695 1.9989311412765132 25.554906806873454 27.860261021894424 
0 0.3808790103301397 0.529573266420269 0.06096182287942825 0.053984798234024134 -10.895191383680242 -6.662282321592642 0.09909243509238563 1.9789798898800912 24.476517445039867 27.334973436068644 
0 0.7614990006923816 0.5169016433277417 0.045265804457647274 0.028896274725262794 27.279865295819008 30.96791081789503 0.13972782689141772 1.7096578970604535 38.12444219556449 40.0240792311947 
0 0.8395529437419202 0.5245388284047565 0.07345523686508859 0.03940129045193019 25.477193999242473 29.70256867890268 0.20293598049749728 1.7473284710719086 27.628346469163155 29.464620046050577 
0 0.9482234955659903 0.5145107936123008 0.08024381803660796 0.030753282354921252 42.30127154302339 47.72255885375472 -0.04227135232582091 1.4638039956255742 34.1840796589123 36.324397180609274 
0 0.7845066552576302 0.5172824351342769 0.06375067658801759 0.035513056692810796 26.48113828524329 31.147946829660626 -0.02331754103388084 1.726585193014932 34.437894229798665 36.73586628210689 
0 0.650016111530657 0.5207928043960461 0.04927547676769328 0.02759560362525193 14.444694931211231 19.184106389980172 0.4020694229915205 1.901646481148312 38.35515959851576 40.47503311531464 
0 0.42642445929411577 0.5516688266534344 0.04282237611238665 0.06833334367455723 -5.056336252752004 -2.4768686363936183 0.5091864812689577 1.9974003363014765 16.289147960196352 20.375738582389225 
0 0.7268716787336453 0.5197279101101628 0.05126899438273724 0.03387888920966142 21.03284795713465 25.083293806612986 0.14458356541970607 1.8238707116192898 34.72389131980733 36.66041226139732 
0 0.6653609218270196 0.5233260641384592 0.06204495297274315 0.030108195956802697 14.107097208101166 19.525723968759067 0.4320775095930174 1.9123429968381607 34.72909785644202 36.8826599837295 
0 0.973243215829077 0.5191152677792295 0.07589078541245464 0.03966194722443883 36.653337279008824 40.33377893620836 -0.028221394228495456 1.538593157225267 27.609458280095062 29.496676336977764 
0 0.7056232116057967 0.5186787304657985 0.055398023625962356 0.0296656019778877 20.427780198479738 25.454521348952795 0.22046848133144858 1.8298407827801992 38.14025902724831 40.26769083294352 
4 0.3005798119374159 0.5362535842313109 0.012246048322505143 0.07591249951632945 -10.108156769111645 -9.676860030166466 -0.04171885582903023 1.8183129678864565 17.15640773965159 17.58784126407796 
