0 0.8626318137349558 0.5144068779043022 0.06488730520083619 0.029596324853716105 37.1111939947032 41.95439144738279 -0.020763280679333196 1.552551675928756 37.155495372127135 39.37735006614473 
0 0.4673111133182386 0.5244190179665578 0.0480508920679355 0.03683862797247095 -5.4627579170931995 -0.8993418689626367 0.3219758756609141 1.9876741472796318 32.48340634732858 37.58266681874123 
0 0.49886300508849546 0.5181629213714614 0.015331036766464079 0.021008710820037746 -1.365651024546537 0.9148162896498775 0.5940041341929838 2.007072607429338 48.964512295688436 54.410407037348676 
0 0.27500207975970076 0.5340096447086973 0.08312030301454601 0.04321194116841165 -19.237414787809257 -14.259547359094086 0.4819614315330605 1.9994195072077763 25.088424180665285 27.393798289940676 
0 0.38136701566925063 0.5302916132288091 0.06203849632475522 0.05531730720344763 -10.686447206515425 -6.433883637833816 0.09852938048182125 1.9791381001920703 23.885484223792687 26.82466035149558 
0 0.7632412057597417 0.5171356230761754 0.045930710135014485 0.02945663573965529 27.125408535773914 30.81771822209207 0.1355372143874538 1.7167208695185097 37.664619751551584 39.563883595892435 
0 0.8507449593045346 0.5247678114279721 0.07539967323521213 0.04010428793530141 25.92259892262726 30.148045083577827 0.1946254166700443 1.7405677064675953 27.165063047367255 29.00034459294696 
0 0.9492556764341982 0.5148793966311659 0.08135068675582613 0.031164029088137923 41.82284304494311 47.24413035567444 -0.033848278252308184 1.4722270696990871 33.73156204170533 35.87187956340232 
0 0.7882671362347273 0.5175163909095983 0.06483536645357313 0.03599526672492048 26.48113148316095 31.147940027578287 -0.023351583222379624 1.7265511508264333 33.97581234747882 36.27378439978705 
0 0.6518049004586441 0.5210429568611399 0.04995735753329955 0.0279350688993657 14.444688129128892 19.184099587897833 0.4020353808030217 1.9016124389598132 37.89307771619592 40.012951232994794 
0 0.4222531502792153 0.5547972865188939 0.04667136353783252 0.07257864169127493 -4.9645107716343375 -2.4779623711694683 0.5124071833766859 1.9959765986509492 15.3406890535163 19.38870739486228 
0 0.7298587848167202 0.5199917258313489 0.05210563952679681 0.0343364828220144 21.03284115505231 25.083287004530646 0.1445495232312073 1.823836669430791 34.261809437487486 36.198330379077476 
0 0.6675371459140214 0.5236359143066658 0.06298872487129448 0.030518622721181443 14.107090406018827 19.525717166676728 0.4320434674045186 1.9123089546496619 34.267015974122174 36.42057810140966 
0 0.9869030205037135 0.5192337100743994 0.07810339375853703 0.04034374616473185 37.11219946401434 40.79398377574559 -0.0363638894007523 1.530423354579346 27.139748379029868 29.029655634506426 
0 0.7080865849207705 0.5189054950578176 0.056194037432913624 0.030030841014104137 20.4277733963974 25.454514546870456 0.2204344391429498 1.8298067405917005 37.67817714492847 39.80560895062368 
4 0.29252686903439623 0.5376282389262524 0.012855974234575962 0.07879503153105144 -10.136179716871595 -9.704257447048235 -0.041765090299227925 1.8182667793862712 16.528780556390174 16.960839611693075 
