0 0.8645186790691897 0.514675754380657 0.06581079637141118 0.029971671969910907 36.838498675395314 41.68404887192952 -0.01625070717713828 1.5575061443706484 36.695766621516206 38.92262286036621 
0 0.4696235852070908 0.5244666540356351 0.04722369629381762 0.036906704669688595 -5.178421080121552 -0.7023360720413905 0.3223014210104571 1.9860611990442605 32.39597122008333 37.5348986776955 
0 0.4986695748622234 0.5181682533255283 0.015477550085014224 0.021008094576191128 -1.4071992859665556 0.8983060932129092 0.5946819165598374 2.0063967446227435 48.97250360122538 54.427104248371755 
0 0.27291368295900464 0.5346445904781145 0.08478609871040749 0.044051083373385036 -19.08839748162808 -14.11051369322547 0.481907576750892 1.9994142942783153 24.62091353016985 26.926291095729304 
0 0.38181912049178923 0.5310501420363452 0.06315148329410714 0.05672107051477848 -10.478745215559343 -6.20928603953061 0.09759546264808328 1.9796446511891048 23.291047208711028 26.30757309677353 
0 0.766005250683097 0.5173417604637025 0.046662947313819036 0.030035216981073143 27.076776298351135 30.773073746233592 0.1293817407428548 1.7219952274351478 37.20379606933819 39.1019836231414 
0 0.8621752923252761 0.5250018413040666 0.07742033745526855 0.040806763837411664 26.35735175254169 30.582573063065055 0.1866987089765546 1.733226638871923 26.701897290511432 28.53624459272043 
0 0.9503156330617438 0.5152580011242929 0.08248846837002066 0.03158590353154361 41.344414374173965 46.765701684905295 -0.025425264345341647 1.4806500836060539 33.27903679706291 35.419354318759865 
0 0.7921284678004119 0.5177567873089645 0.06595566180619306 0.03649075228681897 26.481124681078583 31.14793322549592 -0.02338562541087863 1.7265171086379343 33.51373046515898 35.811702517467204 
0 0.6536368962277568 0.5212992189675332 0.0506579897939986 0.028282984054320726 14.444681327046524 19.184092785815466 0.4020013386145227 1.9015783967713142 37.430995833876075 39.55086935067495 
0 0.5563332899629558 0.5091389455642106 0.015560589444182704 0.01085401010769671 13.593636904327852 17.798490122010477 0.5246616925644088 2.00029438055963 96.12825231422693 99.08399631237629 
0 0.4181417694175715 0.5583665848796455 0.05226862002236954 0.07733429229845878 -4.885814967723093 -2.4814609359634403 0.5176715022948852 1.9941120286008789 14.389415148845707 18.400743375998097 
0 0.732925662346986 0.520262713205018 0.05296896657730821 0.034806604214046466 21.032834352969942 25.08328020244828 0.14451548104270828 1.823802627242292 33.79972755516764 35.73624849675763 
0 0.6697714686582295 0.5239541293214164 0.06396108822110025 0.03094038282470457 14.10708360393646 19.52571036459436 0.4320094252160196 1.9122749124611629 33.80493409180233 35.95849621908982 
0 1.0010349991670497 0.5193564622159206 0.08042777239068954 0.041049988116396485 37.57104266359464 41.25419206624001 -0.04450861305977294 1.5222562348287036 26.66963316802147 28.562281943628356 
0 0.7106097429754799 0.5191378501763494 0.057012591452239914 0.03040518250702906 20.42776659431503 25.45450774478809 0.2204003969544508 1.8297726984032012 37.216095262608626 39.343527068303835 
4 0.28392125407258745 0.5390981163104103 0.013519200414971788 0.0818772371930025 -10.164363756165386 -9.731516579924687 -0.04181092589662305 1.8182210117589805 15.906567197433084 16.339551159150822 
