0 0.8665333313096123 0.5149485877862934 0.06676570937153348 0.03035090066337509 36.57469182622057 41.422678091393266 -0.011740456530327181 1.562182206058902 36.23613939443115 38.46836617638843 
0 0.471855983986901 0.5245075231859752 0.04635763209024185 0.03696307684269162 -4.903896082094036 -0.5156438470447426 0.3226136280333225 1.9845342943597228 32.319720175967944 37.49151996027986 
0 0.498476089129841 0.5181648292714338 0.015563947957446367 0.021021410142026853 -1.4441551240127808 0.8775253390968487 0.5950585432441717 2.0060206965939344 48.98209746196902 54.44221472872573 
0 0.27108476316636937 0.5353091993888739 0.08649505019819301 0.04492544725003178 -18.91433432683857 -13.936549360822312 0.482001376820717 1.9991868307544598 24.15249695519671 26.457870304217423 
0 0.382235090884015 0.5318531246310922 0.06428926382750977 0.058209966829899096 -10.272108061332176 -5.988121790499406 0.09655923339239236 1.9800637469661215 22.691017991936477 25.78440937687388 
0 0.7692818589938453 0.5175683405215878 0.0473787243942877 0.03030657865782871 27.07859262756928 30.772613924107944 0.13285304333455672 1.7196805193145763 36.74171162923723 38.639866690212045 
0 0.8739408761651934 0.5252425913565357 0.07953239014936142 0.04153603193830013 26.787780653968028 31.01283718973609 0.1786753407227646 1.725857358975891 26.238790831063795 28.072266951708926 
0 0.9514894638168622 0.51563816234479 0.0836706840785606 0.0320717598602025 40.87367464473505 46.29556739562911 -0.018645687966626356 1.4898808680800815 32.82632935637818 34.96666302168204 
0 0.7960947665945595 0.5180038940024707 0.06711328243486714 0.03700006925521687 26.481117878996244 31.14792642341358 -0.023419667599377414 1.7264830664494355 33.051648582839135 35.34962063514736 
0 0.6555136845918402 0.5215618173849291 0.05137814548413733 0.02863966835012599 14.444674524964185 19.184085983733127 0.4019672964260239 1.9015443545828155 36.96891395155623 39.08878746835511 
0 0.5549994986628248 0.5091993275126666 0.015656948144937455 0.010930294268271856 13.118157698330236 17.335877423338957 0.5246136174036993 2.0002509776517154 95.4801141716214 98.48573758982612 
0 0.4133132550583139 0.5624027406130943 0.058480762976999556 0.08293240667701951 -4.818925237551497 -2.487561560147583 0.5180109606995305 1.9957721784040674 13.435606966372859 17.415850180797392 
0 0.7360755525556961 0.52054116874224 0.05386023666956097 0.0352897748876706 21.032827550887603 25.08327340036594 0.1444814388542095 1.8237685850537932 33.3376456728478 35.27416661443779 
0 0.672066250296383 0.5242810526929536 0.06496334221355315 0.031373951835018565 14.10707680185412 19.52570356251202 0.4319753830275208 1.912240870272664 33.34285220948249 35.49641433676997 
0 1.0156633094742968 0.5194839148006246 0.08287029811441615 0.04178197927798827 38.02989547810009 41.714390134419574 -0.05264923923972176 1.514084374085976 26.19921556832014 28.094561777928803 
0 0.7131948906019789 0.519376005187081 0.05785463594990936 0.030788970909745972 20.427759792232692 25.45450094270575 0.220366354765952 1.8297386562147024 36.75401338028878 38.88144518598399 
4 0.2745966661352705 0.540689642695629 0.014248962587616987 0.08521453016573416 -10.193332225322877 -9.7595509633056 -0.041856816087506354 1.8181751902116834 15.283611401130528 15.717529448622301 
