0 0.8686565452910253 0.5152261808128751 0.06775056593078033 0.03073521643603938 36.31726588016846 41.16762625144625 -0.0072262727073082456 1.56665822564591 35.77671154549972 38.01433684830967 
0 0.47399460559960893 0.5245430013948753 0.04544919377810064 0.0370187050662617 -4.6396186846668 -0.34083438947610034 0.32268895878087034 1.983320458894777 32.252907518172535 37.452195246374714 
0 0.49828748861136596 0.5181609803396465 0.015600378993863684 0.02103065067401344 -1.476539156776795 0.8538809944385832 0.5945527156987043 2.0065275989207443 48.99318713782961 54.455992622528896 
0 0.26950955902733476 0.5360013611604817 0.08825145154339922 0.045836856707407 -18.716745877633883 -13.73906935718378 0.4821077283276829 1.9989398697528686 23.683227139914763 25.98859661641069 
0 0.382611806445852 0.5327046994762703 0.06544889161336692 0.05979726351227432 -10.0664399475327 -5.770522016253267 0.09562855148786475 1.9803573991125454 22.085085122704015 25.255023851448854 
0 0.7726439074232605 0.5178071541091993 0.04810235114633776 0.030513245856952365 27.08160069030815 30.771834352972732 0.138609811253255 1.715866815904491 36.27964186867243 38.17776263359218 
0 0.8860841606339919 0.5254931182538563 0.08174260148619528 0.04228630106922482 27.21580149580761 31.440664698865362 0.17079227075613868 1.7184347825719755 25.775706659882502 27.608389707289874 
0 0.9531897049687816 0.515990322955569 0.0849440466201622 0.03276241966156529 40.447792393038114 45.87244715037596 -0.018072246946137183 1.501714167103821 32.37269510397152 34.513087317441816 
0 0.8001703766504193 0.51825799592815 0.06831005783325927 0.03752380498055202 26.481111076913876 31.147919621331212 -0.023453709787876198 1.7264490242609367 32.5895667005193 34.887538752827524 
0 0.657436929924007 0.5218309901397329 0.05211863895455027 0.029005457324870698 14.444667722881817 19.18407918165076 0.40193325423752513 1.9015103123943167 36.506832069236395 38.62670558603527 
0 0.5536625581433945 0.5092612375774956 0.015753549328999306 0.011008477564271035 12.64593336394691 16.87546359032781 0.524563792339066 2.0002079761519207 94.82462950690628 97.87956272852155 
0 0.407611621771574 0.5669905722701433 0.06551322582557007 0.08964021009577894 -4.763396019881583 -2.497549988175791 0.5182287818657114 1.995350381598404 12.482662184905891 16.433219961742907 
0 0.7393118748199374 0.5208274055306814 0.05478079000716074 0.035786545691414595 21.032820748805236 25.083266598283572 0.14444739666571071 1.8237345428652945 32.87556379052796 34.81208473211795 
0 0.6744239807857755 0.5246170470092282 0.06599686498250146 0.031819832281443916 14.107069999771753 19.525696760429653 0.431941340839022 1.9122068280841653 32.88077032716265 35.03433245445014 
0 0.7158443424841519 0.5196201800445372 0.058721174466432324 0.03118256827125354 20.427752990150324 25.454494140623382 0.22033231257745323 1.8297046140262037 36.291931497968946 38.419363303664156 
4 0.26446593835051174 0.5424185581152942 0.015055218159922612 0.08883991591155005 -10.222803012489038 -9.78818713491782 -0.04190276066260634 1.8181293069694109 14.659916546969185 15.094669210012697 
