0 0.8708649808433928 0.5155097271244782 0.06876495548711026 0.03112660582386434 36.06338826359655 40.91606680873663 -0.002702335832252656 1.5710167838439086 35.31752806323701 37.56052322730053 
0 0.4760387813568193 0.5245735086169574 0.044515385604210145 0.03706263822650202 -4.386133672893777 -0.17704478309212845 0.3228351857745906 1.9821156126973944 32.19458900419378 37.41568648330509 
0 0.4981072030644357 0.5181567492705206 0.015584550390346064 0.021035356028322183 -1.503635825559229 0.8276948536226314 0.5941757806335783 2.0069052402258785 49.00555811857328 54.46852114742928 
0 0.26817782269772467 0.5367221433366145 0.09005946176034682 0.04678941517180191 -18.49737418670037 -13.519814116981706 0.4822394226549589 1.9986326873465128 23.21317644077616 25.51848477777836 
0 0.3829338437345631 0.5336119126318066 0.0666164989141505 0.06149977596379819 -9.862532095641939 -5.557337906061832 0.09495028277195972 1.9805401625304981 21.47137534730758 24.720096526418153 
0 0.7760868955229971 0.5180457239449006 0.0488617875410402 0.030793355703772396 27.08348232302508 30.771328271114243 0.14220623176151914 1.7134628580916726 35.81756199419099 37.71566199646367 
0 0.8986248285388208 0.5257544892536707 0.08405786106527846 0.04305865899106964 27.641385990946944 31.86603779167467 0.1630673120469479 1.710982100830262 25.312637680328017 27.144631960958513 
0 0.9557311152356558 0.5163157927198424 0.08632043267041356 0.0335562704059294 40.094271342084284 45.5225711292766 -0.021075476475366228 1.5137135298484945 31.91759694203588 34.05806576899696 
0 0.8043596873172347 0.5185193920014928 0.06954791355034695 0.03806257562749771 26.481089106296125 31.14789765071346 -0.023487751667994994 1.726414982380818 32.12748897729704 34.425461029605266 
0 0.6594082189456463 0.5221069848199054 0.05288031475820976 0.02938070042376617 14.444645752264066 19.184057211033007 0.40189921235740633 1.9014762705141979 36.04475434601414 38.16462786281301 
0 0.5523217055305645 0.5093246599847998 0.015850321694739766 0.011088585605951828 12.177006002139834 16.417073476730195 0.5245193597424258 2.000158433537502 94.1626309863702 97.26534228316629 
0 0.4008592772044176 0.5722917507368782 0.07363875776242118 0.09749862215105587 -4.717540122159733 -2.511422321126247 0.518307168221622 1.9946197797189458 11.531209775861264 15.453815403156561 
0 0.742638049505471 0.5211217517227371 0.055732034113591955 0.03629749424913542 21.032798778187484 25.08324462766582 0.14441335478559192 1.8237005009851757 32.413486067305705 34.350007008895695 
0 0.6768471080235301 0.5249624921265001 0.06706309967779733 0.032278551403225664 14.107048029154 19.5256747898119 0.43190729895890323 1.9121727862040465 32.41869260394039 34.57225473122788 
0 0.7185603612721067 0.5198706036873801 0.05961325109778981 0.0315863516927799 20.427731019532573 25.45447217000563 0.22029827069733443 1.8296705721460849 35.82985377474669 37.9572855804419 
4 0.9676829547572277 0.5380060296736613 0.017391969213867653 0.052547243978845026 23.31400592035827 23.69662462263109 0.2980655105913923 1.598093599518543 17.40795807474705 17.790672379556618 
4 0.25340674206469044 0.5443138497370599 0.01595614381228916 0.09281417804082809 -10.24852850245452 -9.816088090210911 -0.04194900317637562 1.818082904586832 14.032185256713014 14.46476245443474 
