0 0.873141588447197 0.5158000983666118 0.06980710041605409 0.03152734715549099 35.81098289972762 40.66577149461715 0.0018133803795779002 1.5753409861563556 34.85870089687958 37.106638232933975 
0 0.4779819202654928 0.5245999871106105 0.043552094028807276 0.037106810027610626 -4.14335467551021 -0.025165509515517215 0.32278148414225716 1.981183813766571 32.14358567948116 37.381937845331805 
0 0.4979379116908371 0.5181521694389517 0.015525463338773637 0.021035635390652896 -1.525720387053525 0.7999807846039744 0.5939323600852233 2.0071498000763297 49.01905676507741 54.480061542789514 
0 0.26703067664625757 0.5374669247511707 0.09192894208403679 0.047790751698605805 -18.261268901812258 -13.283787751304345 0.48202136322939393 1.9983587610535711 22.742388609087456 25.047674574198084 
0 0.38319751245726336 0.5345849547754481 0.06781163358093478 0.06332723631306991 -9.660051147444989 -5.3487009067811755 0.09424987320341516 1.9808312086626578 20.852393418077597 24.17801483593078 
0 0.7796147119158869 0.5182849734075088 0.049656819376884154 0.031140312769949663 27.084420252188835 30.77109936622989 0.14394274827771736 1.712274210949549 35.355485835592546 37.25357652794732 
0 0.9115849509878454 0.5260272931552841 0.08648629829847798 0.04385638152112192 28.0644870327622 32.288944235469515 0.15545951529344015 1.7035328403177674 24.84951151119735 26.6809458128034 
0 0.9590893037708177 0.5166410196499616 0.08777543086859474 0.034232822528247664 39.80893345170078 45.23931168935796 -0.02136045361759309 1.5220543529782198 31.461162201380503 33.60167684029109 
0 0.8086679392770159 0.5187884057833602 0.07082896949575068 0.03861704816374817 26.481082304213757 31.147890848631093 -0.023521793856493778 1.7263809401923191 31.665407094977212 33.96337914728544 
0 0.6614306529644618 0.5223900509624042 0.053664344199292224 0.02976698886538176 14.444726226392731 19.18415744818408 0.4018329512455028 1.9014707954751564 35.58266851748334 37.70254459211736 
0 0.5509773675234311 0.5093896736837807 0.01594744517832747 0.011170600157979438 11.7114973946656 15.96101674841664 0.5244693634828865 2.0001136710115346 93.49363335850965 96.64333823485414 
0 0.3927993302067424 0.5785050176527701 0.08323425196203177 0.10679731942717607 -4.680248981849303 -2.529556641261223 0.5182677377936011 1.9941282503257818 10.581375127627297 14.477461040050386 
0 0.7460582666466015 0.5214245624816123 0.05671552181572492 0.036823245757518275 21.032791976105116 25.083237825583453 0.14437931259709313 1.8236664587966769 31.951404184985876 33.887925126575865 
0 0.6793400753986748 0.5253176321451203 0.06816389956006308 0.03275202335812688 14.107154549402281 19.525797436729746 0.43183321371423244 1.9121609943117779 31.95660744429489 34.110170131709154 
0 0.721345837856836 0.5201275238411445 0.06053201990972912 0.032000729183528254 20.427724217450205 25.454465367923262 0.22026422850883565 1.829636529957586 35.36777189242686 37.49520369812207 
4 0.24134956845878358 0.5463850020139364 0.01696441727746445 0.09715720451213333 -10.275110011912489 -9.843227378675266 -0.041995210311762454 1.8180366564608745 13.404932073806933 13.836951492523752 
