0 0.8754751697375711 0.5160958091881128 0.07087929931558401 0.031943391932891085 35.55863279886643 40.41550319269787 0.0063274201527410145 1.5796637654485581 34.40014150730284 36.652945632147684 
0 0.47982760417082754 0.52462281091057 0.04257527739671507 0.037142749555117205 -3.9114622126302834 0.11601340309897523 0.3227696117520584 1.9802982731404488 32.0992385669879 37.350213254463576 
0 0.49778251002151785 0.5181473276591408 0.015427441241011308 0.021034366827506812 -1.5426731927086337 0.7714515412500589 0.5937172554995336 2.007365642892655 49.03360392489058 54.49067180521667 
0 0.2659817451109316 0.5382358523401138 0.0938645740421423 0.04882614831636001 -18.015280896052104 -13.037846032181278 0.48164544042352286 1.9978821531628266 22.271345332375525 24.57662475665078 
0 0.3833969472394255 0.5356292069902612 0.06903602543727111 0.0652845460380389 -9.459100506119796 -5.144901941111044 0.09361196009404105 1.981081935745487 20.228751591605707 23.628947323024384 
0 0.7832315209193147 0.5185274640339481 0.05048366443687691 0.03152955076649244 27.084777585847377 30.77096169032872 0.14465898012425127 1.7117518551261512 34.893407579858724 36.7914934669383 
0 0.9249713684742532 0.5263122897580238 0.08903381508292019 0.04467393469210079 28.483980898505067 32.70818583640015 0.14810339160078856 1.6959712328420127 24.3863328202686 26.21735814319107 
0 0.962956586162582 0.5169924252102613 0.08927521060266475 0.03465633432027848 39.56188017611204 44.99141634765212 -0.014866456802728578 1.5250366027858384 31.004002980761165 33.14450601667732 
0 0.8131000651760847 0.5190653726653449 0.07215541831354833 0.039187913947432096 26.481075502131418 31.147884046548754 -0.023555836044992784 1.7263468980038201 31.20332521265737 33.501297264965594 
0 0.6634631254503517 0.5226813936492285 0.054466996031457215 0.03015119012408385 14.44064060794669 19.179863936931895 0.4021398577038038 1.901207390894156 35.120729129757045 37.24051072584846 
0 0.5496298480459819 0.5094563371883187 0.016044923477536832 0.01125467305390393 11.249573511296788 15.507494224951898 0.5244177456078196 2.000069127601051 92.81747864100836 96.01360990781694 
0 0.3830706138335973 0.5859106582254694 0.09482256165236197 0.1179861039768123 -4.650679872751823 -2.552447127109531 0.5184716481561544 1.9941372594007822 9.63305270725909 13.50352689148432 
0 0.7495763723231845 0.5217362054782229 0.057732852669512114 0.037364447876024 21.032785174022777 25.083231023501114 0.14434527040859413 1.8236324166081779 31.489322302666032 33.42584324425602 
0 0.6818472665419839 0.5256874401120595 0.06929262846637074 0.033208344875482854 14.102205400755253 19.520497769924333 0.4327207210262929 1.9116471923676235 31.4946432183118 33.64819958222447 
0 0.7242032938291958 0.5203911942861801 0.06147865195869551 0.03242611918457983 20.427717415367866 25.454458565840923 0.22023018632033664 1.8296024877690873 34.905690010107016 37.033121815802225 
4 0.2280944389277748 0.5486634120305948 0.01809973168991194 0.10193483223404504 -10.302621633860127 -9.870721647181625 -0.04204149308369276 1.8179903749642352 12.77665036861304 13.208687140771097 
