0 0.8778624938210094 0.5163987362281175 0.0719808436881606 0.03237277266247329 35.30581522899445 40.164598562506825 0.010821395668644707 1.5840208211777194 33.94194743542617 36.19922020316544 
0 0.48157922125207564 0.5246424289124247 0.04159505552664022 0.037173687813327416 -3.690327809467817 0.24736188818849314 0.3227346312042756 1.9795130524524867 32.06078320267079 37.32026160271751 
0 0.49764102221061524 0.5181422090635408 0.015302598177876103 0.021028213311342414 -1.5554160980373695 0.7429695705938002 0.5936673177289946 2.0074179078568872 49.04890521272273 54.50067629376447 
0 0.26494359859785876 0.5390373192312116 0.09587887238404086 0.049906518613002326 -17.765556725996532 -12.78820804393618 0.48127345316021364 1.9973120259111812 21.800223759738557 24.105429300597933 
0 0.38353386656023697 0.5367468162349045 0.07031331836702304 0.06737793746134868 -9.259382244647753 -4.945605380697685 0.09300140529215595 1.9812143035733603 19.602687712372045 23.072512472062016 
0 0.7869424610560911 0.5187750233996345 0.05134021288230617 0.031944534970625105 27.08490586145301 30.770901889594697 0.1449103603819426 1.7115334180422037 34.43132743977226 36.32941073674337 
0 0.9384742699934169 0.5266202611180077 0.09167729429705007 0.045471828860330854 28.876527727740836 33.09992881669021 0.14211783241873066 1.6879493278136413 23.92314617312708 25.753909562207355 
0 0.9669897167741315 0.5173764485479847 0.09080425546196569 0.034879501944978186 39.32064326680039 44.74708143989895 -0.0027616506536083385 1.5243218856143106 30.546756416576926 32.68720136478228 
0 0.8176614923185259 0.5193506506261989 0.07352962428478738 0.03977591089843874 26.48106870004908 31.147877244466414 -0.023589878233491568 1.7263128558153213 30.741243330337525 33.03921538264575 
0 0.6655141509809676 0.5229813039801674 0.05529109488789263 0.03054496584973887 14.433295162959851 19.171968295967147 0.4025117293471072 1.9009591705610687 34.659274504198734 36.77816600581649 
0 0.3711589619973573 0.5948482215436273 0.10915353272689682 0.1316999597560825 -4.628231102217626 -2.5805050039913056 0.5184220647024289 1.9940011204565549 8.686035996422909 12.531356056094722 
0 0.75319663377497 0.5220570729234344 0.058785751246198115 0.03792179168569798 21.032778371940438 25.083224221418774 0.14431122822009534 1.823598374419679 31.02724042034619 32.96376136193618 
0 0.6842448170253326 0.5260777511137487 0.07044105638581477 0.0336180453610454 14.080551120986797 19.49848466994918 0.4354839778714408 1.910284706090804 31.03190763548524 33.18733281708579 
0 0.7271355581780405 0.5206618846665277 0.062454404556331666 0.03286296644247133 20.427710613285527 25.454451763758584 0.22019614413183786 1.8295684455805885 34.44360812778717 36.57103993348238 
4 0.21346062789411657 0.5511811166530339 0.019385377227211842 0.1072142396676416 -10.33065672838842 -9.898582635652275 -0.042087839285129824 1.8179440415577006 12.147506703937566 12.57971758215281 
