0 0.8803052809978045 0.5167100383034202 0.0731129205321579 0.032814902512070865 35.05242275416809 39.91294660551833 0.015300713596048121 1.5884103536075898 33.48406322716449 35.74538361336703 
0 0.48323122344925673 0.5246592071493854 0.04059691844592278 0.037207747457697615 -3.4794089829397876 0.3675493642317633 0.3224805126716008 1.9790105264095903 32.02773007943971 37.29229101718385 
0 0.4975128932366318 0.5181368939474027 0.01516369948735441 0.02101845005766123 -1.5650122983539916 0.7153607174259946 0.5937418655842426 2.007345502987054 49.06466671361391 54.510377045221965 
0 0.26385291968510416 0.539872575214573 0.09798260895235739 0.051035457914814564 -17.516326752599042 -12.539049612479317 0.48086976789403746 1.9968139776732976 21.32917504449552 23.634265995569102 
0 0.38359353326356105 0.5379495910462837 0.07161647237344987 0.0696124820386349 -9.061517227533244 -4.751610463124393 0.09266425061157646 1.9809073876359153 18.972140695061817 22.51005622036738 
0 0.7907517732096625 0.5190286969235551 0.052226020180239474 0.03237704618931847 27.08495103293953 30.770882620739783 0.14497425753374316 1.7114365192154124 33.969249915086046 35.86733213897721 
0 0.9523932787961666 0.5269472035081733 0.09446961733157344 0.04639014275060738 29.261552240147353 33.48527640332691 0.13476639676912572 1.681651211365149 23.459870696745718 25.290575502073644 
0 0.9709609152896506 0.517777787620243 0.09236586174351447 0.035067639423700836 39.06411339698144 44.48684968580625 0.011054636922425809 1.522970528180032 30.08988697579091 32.230265476595854 
0 0.8223579317941186 0.5196446169928239 0.07495410239120104 0.040381816822968375 26.481061984311125 31.14787052872846 -0.023623920141039978 1.726278813907773 30.279165261737624 32.57713731404585 
0 0.6673577643272272 0.5232951893746924 0.05611487638999435 0.030895486153689644 14.400707017990783 19.137335088177366 0.4045872826231558 1.8996777439863135 34.19915583816073 36.31549276317927 
0 0.3563016360389487 0.6058748482761753 0.12737083385294062 0.1488986276606309 -4.61241353817195 -2.6144801822876786 0.5183019257387513 1.993857818500556 7.740206438810283 11.560247292515719 
0 0.7569235399009807 0.5223875778348037 0.059876049573496015 0.03849600528552499 21.032771656202485 25.08321750568082 0.14427718631254693 1.8235643325121307 30.565162351746288 32.50168329333628 
0 0.6863945668908851 0.5264913033145173 0.07159798830007325 0.03399741835061476 14.03097998558448 19.447763411488936 0.43980698608985724 1.908511826252 30.57030734875132 32.72678410511022 
0 0.7301455859316373 0.5209398768597364 0.06346060207168558 0.0333117362157076 20.427703897547573 25.45444504802063 0.22016210222428945 1.82953440367304 33.98153005918727 36.10896186488248 
4 0.1972268979732527 0.5539775747471434 0.020851755785410403 0.11307816853670893 -10.358995189154541 -9.926756380660123 -0.04213424390092557 1.8178976490466874 11.51756960167949 11.949945195652553 
