0 0.8828055525304208 0.5170298905030835 0.07427877780164582 0.03327008026920797 34.798450237989414 39.660697841249316 0.019776628914416783 1.5928190238498177 33.026414518190656 35.291717732096494 
0 0.4847867307187187 0.5246728759058574 0.03959246942433775 0.03723269062126733 -3.278816512134483 0.47749342270128636 0.3223184165473536 1.9784718608816028 31.999850791997282 37.26600464732309 
0 0.49739733719786167 0.5181314761302662 0.015018726036731489 0.021007063274792515 -1.5721947510425878 0.6890796902353031 0.593871652708426 2.007218885334186 49.08071497804769 54.51996169703609 
0 0.2626752266757903 0.5407418808477965 0.10018524565556139 0.05221601935788622 -17.269587019781483 -12.292327258744479 0.4803750987599762 1.99649309671822 20.858264281538858 23.163173838426893 
0 0.3835572980196798 0.5392461361011094 0.07294610150815717 0.07201795097988839 -8.866170097798005 -4.563517394465265 0.09237455263161376 1.9804527518068067 18.336799060365443 21.94136739088578 
0 0.7946632900269702 0.5192891155601769 0.053141684972080494 0.03282381463869666 27.084933608863366 30.770846259438102 0.1449696639924689 1.7113839123549397 33.50716847147202 35.405251011569 
0 0.9670687154246649 0.5272814096903291 0.09743708781755389 0.0473800315338152 29.660743046980116 33.88528130550665 0.1265779607140305 1.675725311311099 22.99636775122567 24.827213773501306 
0 0.827195378708176 0.5199476796731087 0.07643156546656193 0.04100647256663503 26.48103992734896 31.147848471766295 -0.02365796230210937 1.7262447717467035 29.81708372479543 32.115055777103656 
0 0.6688205411408032 0.5236267236105177 0.056933410045776234 0.0312363904126447 14.325595885922624 19.060495495404226 0.4076209521317691 1.8984643708550408 33.739129296023016 35.854356822002096 
0 0.33734111788420307 0.6200004466996281 0.15124610141220207 0.1715139609723585 -4.624875815834429 -2.632625873030321 0.5181854597976141 1.9937404034487147 6.78396559988397 10.60109145076239 
0 0.7607617652672429 0.5227281665668648 0.06100572146279826 0.0390878756506986 21.03274959924032 25.083195448718655 0.14424314415147754 1.8235302903510613 30.103080814804095 32.039601756394084 
0 0.6881336834140854 0.5269307347347936 0.07275347545965627 0.034364077379162805 13.94013737941414 19.35509128873558 0.44533248588702223 1.9068259342423568 30.110316669888725 32.26676150811516 
0 0.7332364079372429 0.5212254749941125 0.06449866455607134 0.03377293051574359 20.427681840585407 25.454422991058465 0.22012806006322005 1.8295003615119705 33.51944852224508 35.64688032794029 
4 0.1791208265100495 0.5571017317563354 0.02253808996309853 0.11962925306017336 -10.38746768973246 -9.955138484238688 -0.04218070619694747 1.8178511933938284 10.886849349069912 11.319315340042131 
