0 0.8853693034995962 0.5173586986777637 0.07547861449697446 0.03373831968536645 34.54422320581767 39.40804468799283 0.024238597142687723 1.597250830783667 32.56904015650167 34.837978655647774 
0 0.4862413680526895 0.5246857537299587 0.03856843526489129 0.03722683678746963 -3.0880704558113905 0.576053303037412 0.3229502980546355 1.9774902975431208 31.977171080545588 37.24133108216154 
0 0.26139965325059134 0.5416467851908702 0.10249429324637563 0.05345159350199202 -17.025671866620343 -12.048359957420644 0.4797688603687704 1.9963725051734298 20.387518364930457 22.692180694308377 
0 0.3834310698667127 0.5406456850474328 0.07430441112498481 0.07462787346664801 -8.672170777584483 -4.380190374630303 0.09189117513653877 1.9800649167640865 17.695506630551563 21.365382501077846 
0 0.7986818154428548 0.5195567029422588 0.054088371618138065 0.03328387167228242 27.08493132360786 30.770839763032512 0.14494243841722887 1.7113455292016018 33.045086346178465 34.94316931763801 
0 0.9826615740437719 0.5276176226555662 0.10059550954298979 0.04839876447108005 30.0820621562373 34.30738506828503 0.11816931373465822 1.6692272329680522 22.53260475652864 24.363801471904637 
0 0.8321806147346058 0.5202602653620765 0.07796492480645456 0.0416507577069013 26.48103312526662 31.147841669683956 -0.023692004490608154 1.7262107295582048 29.355001842475588 31.652973894783813 
0 0.6698823179626869 0.5239773890388573 0.057752628402663375 0.03162135093133489 14.207639394219783 18.94099377730427 0.4103144286808067 1.89857251531262 33.280287802772875 35.39364849150181 
0 0.5442031778424629 0.5097400842930206 0.016439817346885155 0.01161231634972737 9.43922270501541 13.719484117096798 0.52421856582205 1.9998734250517045 90.04678141209841 93.41790639211472 
0 0.3124380645576962 0.6388126975962364 0.1836874177898563 0.20244477917057346 -4.669064266354752 -2.6301457472101504 0.5180949546096569 1.9936409671898319 5.814872616717743 9.655759426794134 
0 0.7647167091070681 0.5230793054413533 0.06217688570764779 0.03969822550278579 21.03274279715798 25.083188646636316 0.14420910196297876 1.8234962481625625 29.64099893248425 31.57751987407424 
0 0.6894880255970814 0.5273864377574299 0.07392378175447945 0.034814693068993874 13.81099977446189 19.2249255372097 0.4493642006617844 1.9068591296777038 29.65119735476337 31.807603411992844 
0 0.7364116234693381 0.5215189936247095 0.06557010532270813 0.034247069096239646 20.427675038503068 25.454416188976126 0.22009401787472127 1.8294663193234717 33.057366639925235 35.184798445620444 
4 0.15817585735060424 0.5606988098888612 0.024497741754562208 0.12717201120809818 -10.424363806982768 -9.98855030805359 -0.042228271998699496 1.817803883640529 10.241134189444224 10.677084473842442 
