0 0.8880000055673729 0.5176966723793047 0.07671554939114278 0.03422016995384203 34.28983617873669 39.15520513736517 0.02870177624754522 1.6016865535381397 32.11188438973638 34.38438774510848 
0 0.487587204475465 0.5247140963216763 0.03755221245779211 0.036998102961765755 -2.909254829428505 0.6638159565189028 0.32302972129330687 1.9797215864479598 31.95971071216581 37.22002455276236 
0 0.26002824241849937 0.5425902659592777 0.10491657233182727 0.05474618555597899 -16.784032084506123 -11.806615880860221 0.4790652859092499 1.9964199028536527 19.91692116398425 22.221263008198214 
0 0.3833082663367544 0.5421577707726783 0.07567976201381771 0.07748832036765718 -8.471997172574504 -4.194591257962969 0.0908094931832506 1.980366927430187 17.040723791323508 20.777332684809515 
0 0.802811527227723 0.5198318174709656 0.055067488497381634 0.033757244499474925 27.084924521525494 30.770832960950145 0.14490839622872986 1.7113114870131025 32.58300446385862 34.481087435318166 
0 0.11682525417309032 0.5400983570768101 0.12470819647338457 0.058448673996419065 -25.758438734339535 -20.487217311468243 0.34769287400602167 2.00171810888621 20.218160669818182 22.38947146326621 
0 0.9992332672373578 0.5279552941382888 0.10395938156828899 0.04943319249335809 30.525907972520088 34.75182078099162 0.10977271303824088 1.6618959819984866 22.068562365733605 23.90031493784823 
0 0.9818898640140776 0.5190465079020434 0.09733138555936549 0.03627986362996405 38.14887178411975 43.56656257811679 0.03968179335396327 1.5311780976751188 28.72197208176936 30.862266147581714 
0 0.8373203370337798 0.5205828298356086 0.0795572710920538 0.04231561177022869 26.481026323184253 31.14783486760159 -0.02372604667910716 1.7261766873697058 28.892919960155744 31.19089201246397 
0 0.6705828788063208 0.5243467192912596 0.05857628650828295 0.03205946426104955 14.052122874261173 18.78426994701539 0.41243466400499806 1.900097771337261 32.82243937278603 34.93329293048868 
0 0.5428375238391909 0.5098155592740173 0.016540058591392737 0.011707350317855747 8.996512551267259 13.27964910502672 0.5241651710208115 1.9998254149850616 89.33759435179917 92.75019522110807 
0 0.2784092113781491 0.6647995338880855 0.22996419726400247 0.24625771362595072 -4.715501110226171 -2.6344823680112484 0.5180267761408903 1.9935496106004664 4.847386973371037 8.70934704957238 
0 0.7687935943547357 0.523441492199751 0.06339178504665499 0.04032793331397633 21.032735995075612 25.08318184455395 0.14417505977447975 1.8234622059740635 29.178917050164408 31.115437991754398 
0 0.6904920795586706 0.5278575115617415 0.07511298752707851 0.03535774437231587 13.647956375417635 19.061733728719375 0.4517273566346638 1.9086276877329038 29.192795929203946 31.349213486462453 
0 0.7396745722866569 0.5218207667379584 0.06667650949558956 0.034734704071277434 20.4276682364207 25.454409386893758 0.22005997568622226 1.829432277134973 32.59528475760539 34.7227165633006 
4 0.13473922774661384 0.5647333110727281 0.02679141268939414 0.13563200660102587 -10.458846083286772 -10.021824390384353 -0.042275327774873084 1.8177569166465806 9.602347099133446 10.03950557750165 
