0 0.8907028557713079 0.5180442579394287 0.07798992480118783 0.03471580756177173 34.03550928447176 38.902278809872854 0.03314938314575655 1.6061382227715564 31.655002142885174 33.93074023049582 
0 0.4888150697201211 0.524685395047673 0.03661660798322863 0.03661007890742596 -2.746811008546757 0.7435595580621452 0.312012357862093 1.9986608804499817 31.94476600742687 37.20656084637465 
0 0.47645536022431023 0.5186041008077498 0.015576453559920433 0.023544394673646996 -4.091566907720903 -2.220459046653218 0.48126868589830574 1.9830042732774846 45.70468869536193 49.35129034548503 
0 0.2585690246538237 0.5435761434248941 0.10745878045482218 0.05610424705370298 -16.543769932157005 -11.56622835144421 0.4782950853267711 1.996578990191889 19.44645785768855 21.750395661152645 
0 0.3832103380843629 0.5438386636638499 0.07695124930540215 0.080664079515815 -8.261242216024101 -4.00584959656257 0.08900908801873908 1.981445779723654 16.362714800576278 20.173546296822188 
0 0.11073474805556444 0.5410240673443354 0.12805933701170175 0.05982300916593186 -25.606123113698942 -20.337175885403525 0.347895944992215 2.0014528465675934 19.75583548489498 21.921655050050823 
0 1.0167886059675983 0.5282966290687408 0.1075429806200584 0.05048520211861751 30.98858990079009 35.21491256774455 0.10144115637526552 1.6538095548034177 21.604194267924633 23.4367245047899 
0 0.9856419884113141 0.5194653403290019 0.09914286391391969 0.03707078509292516 37.832111741365 43.25188305920926 0.04010305234701694 1.5399673032953825 28.266164808048707 30.406504749967816 
0 0.8426218502489243 0.5209158586788862 0.08121193619789491 0.043002035734928 26.481019521101913 31.14782806551925 -0.023760088867605944 1.726142645181207 28.430838077835908 30.728810130144133 
0 0.6709951382740347 0.5247334784850404 0.05940648839716778 0.032531356046315074 13.867435539883886 18.59847547308989 0.4143835503141078 1.9024625081757953 32.36528386266931 34.47315732747588 
0 0.5414686787212609 0.5098929826367595 0.016640811227465413 0.01180482600867816 8.558057975898635 12.84300579471828 0.5241101555444938 1.9997777640968282 88.62159699296316 92.07511556604018 
0 0.22914287256636662 0.7031513195722615 0.3006919689963232 0.3127891664262459 -4.7621417322123705 -2.6451834051992194 0.5179728741168017 1.9934584780011162 3.881644232500676 7.761317680422458 
0 0.7729981548844043 0.5238152566841899 0.06465283588945991 0.04097793461305854 21.032729192993273 25.08317504247161 0.14414101758598097 1.8234281637855647 28.71683516784457 30.65335610943456 
0 0.6911623069421711 0.5283475115535512 0.07631813262895493 0.03596008126766359 13.454015450707388 18.86810306265842 0.4533696914004486 1.9114749255320698 28.735147228890305 30.891581605275952 
0 0.7430289451594534 0.5221311476062266 0.06781957360962965 0.03523641977460956 20.42766143433836 25.45440258481142 0.22002593349772348 1.8293982349464741 32.133202875285555 34.260634680980765 
4 0.1080281764720002 0.5693456966486732 0.02952816643005285 0.14530377407384432 -10.492175374847335 -10.054947710332499 -0.04232241086741784 1.81770984868934 8.963191650118254 9.400556100098278 
