0 0.8934809151005445 0.5184017732450557 0.07930510545503322 0.03522604008536023 33.781193998698924 38.64933168570211 0.0375805206222628 1.610605774841126 31.19828838193434 33.477184032804395 
0 0.4899842359297124 0.5247619450369481 0.03556567303664343 0.03635912513218298 -2.5849836273765163 0.8113094798582665 0.3092175672172617 2.0089116734651027 31.9352150587468 37.19091656103448 
0 0.4762208690707689 0.5187910012826092 0.015747414564426798 0.023790026801880915 -4.0915736234588564 -2.2204657623911714 0.4812346439907573 1.9829702313699362 45.24261062676204 48.88921227688514 
0 0.25702898120845286 0.5446088918771025 0.11012780043906376 0.05753078473151718 -16.304104486483027 -11.326398184989387 0.4774939438035004 1.9967920155806669 18.976024072253516 21.279582395150236 
0 0.38306042727007356 0.5457538678442728 0.07808246073596448 0.08424538286621586 -8.042227232925143 -3.818647747907505 0.08770319813507887 1.9818494217184757 15.66225663153434 19.551178677651656 
0 0.8114235548828006 0.520406007158351 0.05712949001786061 0.03474555223283915 27.0849110037052 30.770819443129852 0.14484031213268267 1.7112434029170553 31.65884451293889 33.556927484398436 
0 0.1047675409996549 0.5419940575168387 0.13153944750082308 0.06125349901727384 -25.429409039374093 -20.1631658109562 0.3482594329080728 2.0010273952364765 19.293270189896525 21.45278318955156 
0 1.0353089465669463 0.5286450259577482 0.11136079196382576 0.051563993601959734 31.464931339970903 35.691570274155055 0.09314763219385669 1.6451833356618422 21.13949978609704 22.973038700812417 
0 0.9898382163845552 0.5198815783418225 0.10105322121202576 0.037943877198677645 37.54107123097285 42.96348552025319 0.038631544822863795 1.5492023255424057 27.809843398671923 29.950238871209088 
0 0.8480929724455744 0.5212598746246018 0.08293251487972941 0.043711102544113145 26.481012632675146 31.14782117709248 -0.023794041930088827 1.7261086921187243 27.96875238178955 30.26672443409779 
0 0.6711364333127555 0.5251376651445789 0.06024148510252769 0.03301679729727047 13.656417745021855 18.386213070422883 0.4166626723352833 1.9051232450939464 31.90865599934201 34.01323499943667 
0 0.5400958284731145 0.5099723571919341 0.016742535537175862 0.011904795923262657 8.123793806303325 12.409456698302066 0.5240607794997107 1.9997241574133238 87.89953760227792 91.39262419610816 
0 0.15106266646518993 0.7657793759373437 0.42052439111196854 0.42500931828094 -4.806831026585144 -2.6616303200435425 0.517928063298382 1.9933635152683247 2.9178424321696355 6.811258014925933 
0 0.7773364548251265 0.5242011599381438 0.06596262075790071 0.041649220551638666 21.03272247725532 25.083168326733656 0.14410697567843256 1.8233941218780163 28.254757099244678 30.191278040834668 
0 0.6914974372489262 0.5288603315674001 0.07753546604953099 0.036590429977764294 13.23054791756735 18.64503767130458 0.45515858129437414 1.914828174575315 28.278206911014216 30.434659395835858 
0 0.7464786150782963 0.5224505072843861 0.06900109379585861 0.03575283042737809 20.427654718600408 25.454395869073466 0.21999189159017507 1.8293641930389257 31.67112480668566 33.79855661238087 
4 0.07730389377060302 0.5746710715256219 0.03283216369522419 0.15647061635802428 -10.524601328239527 -10.0876661314135 -0.042369532481793204 1.8176627055836976 8.32351510758793 8.760587089879955 
