0 0.8963380045334213 0.5187697592644764 0.08066161121877746 0.03575124841581956 33.526950854295194 38.39631647318298 0.04201854375752756 1.61506641146129 30.741804827779013 33.02354468513469 
0 0.4911085094056806 0.524883274089246 0.03448892454627761 0.03627796220059898 -2.425517721933062 0.8735573533897991 0.31257033293752245 2.016175594713386 31.929684184008288 37.17530451931004 
0 0.4759815377497365 0.5189817105591774 0.015922142900998082 0.024040829642172912 -4.0915956804210225 -2.2204878193533375 0.48120060182968794 1.9829361892088668 44.780529089819844 48.427130739942946 
0 0.2554106602916903 0.545693108438473 0.11293215595388936 0.059031632841073156 -16.064524297327893 -11.086612505875081 0.476684067962001 1.9970200676816334 18.50553951060197 20.80880038384334 
0 0.38265169951484257 0.5479203363787504 0.07911373701114277 0.08828628036854458 -7.82759821533088 -3.6450180027597696 0.0882463200940764 1.9799671468689792 14.954120934287907 18.916226312099987 
0 0.09891288841144365 0.5430122220709795 0.1351641850487004 0.06276055017216553 -25.22942992615205 -19.966085672784686 0.3485625092008473 2.0006610643671867 18.830325919796543 20.982972056741637 
0 0.9944470753505618 0.5203126843355053 0.10304393923079913 0.03873987536609602 37.27240542446867 42.6963854287082 0.03942767970895944 1.5563737216326323 27.353103180043554 29.49353581280689 
0 0.8537416118726703 0.5216154128886574 0.08472278454578319 0.04444392620912685 26.480990748401794 31.147799292819144 -0.02382811333157897 1.7260746207172337 27.50667847228943 29.804650524597655 
0 0.67100758524629 0.5255597464675849 0.06108103442238566 0.03351157326043941 13.420207410540485 18.14856080576625 0.41936385746505334 1.9079649959791594 31.45247869139559 33.55346848639082 
0 0.5387194503411653 0.5100537777525016 0.01684498257764111 0.012007261308155326 7.693925703378412 11.979240275231376 0.5240058338636144 1.9996748030858744 87.17098708142586 90.70289456839262 
0 0.006099493678677986 0.8876841691153112 0.6614851244439524 0.651508781166419 -4.847756704173804 -2.6828270065907134 0.5178866100717463 1.99326593279027 1.9560002495627415 5.858925187345768 
0 0.7818152477032285 0.5245997833220555 0.06732396142622543 0.042342864210841324 21.032730930052608 25.083176779530973 0.1440718307765787 1.8233589769761627 27.792674871628428 29.729195813218404 
0 0.6914903041331328 0.5293984277128843 0.07876300843281103 0.03723421316797293 12.978335595406634 18.39314862089519 0.45749189785704436 1.918421487581298 27.821924350743863 29.97838969485543 
0 0.7500275950696104 0.5227792464800618 0.07022300185064534 0.036284599443569765 20.427632661638242 25.4543738121113 0.21995784942910568 1.829330150877856 31.209043269743468 33.33647507543868 
4 0.04174335185659808 0.5808633375749666 0.03686232080492342 0.16945525157828756 -10.555854574542963 -10.119494342970825 -0.04241651570041749 1.8176156801148355 7.685719302905419 8.122216319945132 
