0 0.89927822582318 0.519148557436242 0.08206302404846555 0.03629232547916561 33.27282609283337 38.14338761169178 0.04645274039192904 1.619529005535186 30.285483074121387 32.569991658741884 
0 0.49213209204447994 0.5248554670884577 0.03353357598593104 0.03643053897935444 -2.2830021464480694 0.9313498571293906 0.30787295756701183 2.0276581177938664 31.927232926403903 37.159961717086034 
0 0.4757374525188202 0.5191763450341136 0.016100743934365225 0.024296966150107457 -4.091602482503362 -2.2204946214356767 0.48116655964118915 1.982902147020368 44.3184472075 47.9650488576231 
0 0.25371360413408234 0.5468336080895512 0.11588108418006174 0.060613036999633385 -15.824725284498243 -10.846525015729043 0.47588252536230047 1.9972365718946852 18.034890563543343 20.338067346567044 
0 0.38198759369172786 0.5502611397581407 0.08022379051186906 0.0928989100484191 -7.618529946359416 -3.4811991636092046 0.08947675091064777 1.9773804497730287 14.244488885242163 18.269086957661415 
0 0.09315033186696825 0.5440821839023415 0.1389461994972222 0.06434153010073984 -25.0076897969455 -19.74747202517915 0.3489297240333966 2.000232826884039 18.366943977087004 20.51226402968527 
0 0.9994126988878945 0.5207632515049325 0.10511282245101516 0.03944128657735735 37.0202076470495 42.444553056572346 0.04293813988485273 1.5613711202569256 26.896033171384204 29.03647793799645 
0 0.8595772017973622 0.5219830822167544 0.08658699907394718 0.045201753960503854 26.480983946319455 31.147792490736805 -0.023862155520077755 1.726040578528735 27.044596589969586 29.34256864227781 
0 0.67060547663787 0.5260001383000166 0.061925294181149226 0.03401763625295062 13.159516198487708 17.886335426348992 0.4224702694400275 1.9109764174344643 30.99664835051199 33.093954297718795 
0 0.5373400256771901 0.5101373292697686 0.016947969450928246 0.012112405583495023 7.268687028827529 11.552566020151943 0.523949451906675 1.9996257140841602 86.43578534036112 90.00595675541129 
0 -0.3730716636262579 1.237479918669373 1.3508613492967192 1.3270045703155462 -4.883778404812119 -2.707559012459143 0.5178317202892999 1.9931812327803247 0.9960276469787317 4.904363293638674 
0 0.7863804223534553 0.5250141487422477 0.06873462237350592 0.04305241838376994 21.027930689775914 25.07830871963199 0.14427364274823362 1.8232958533912347 27.330623365155247 29.267257809419974 
0 0.6911317197238145 0.5299630046165948 0.07999998392148944 0.03788901824982349 12.69797369177266 18.112992880845113 0.4604580252357602 1.9221694989610039 27.36627586124206 29.52273100186673 
0 0.753682061383547 0.5231178667523029 0.07148722952893749 0.03683075159881988 20.427770474921047 25.45449064928367 0.21996704502630293 1.8292628136782934 30.746956005475226 32.87439244614714 
4 -1.39794566803228e-05 0.5881711514495654 0.04187565607931312 0.18477908996652848 -10.586202832643096 -10.150626183992387 -0.042463468518330716 1.8175686697161029 7.048337827333555 7.484051261453914 
