0 0.9023051230511449 0.5195387879208739 0.08351021591896757 0.03684980550615802 33.01877587548958 37.89040214982569 0.05089374885776743 1.62398402709594 29.829347180763165 32.11633117768773 
0 0.4930328630410574 0.5248621024860718 0.032525855001740156 0.03645141475149849 -2.15003795213039 0.973604600166766 0.307301785975588 2.0298035613218173 31.9279705519221 37.144066413781744 
0 0.47548834963178577 0.5193750271059296 0.016283355972819658 0.024558607778243036 -4.091609284585729 -2.2205014235180442 0.48113251745269014 1.982868104831869 43.856365325180164 47.502966975303266 
0 0.25193263124180615 0.5480357101210461 0.11898719895664134 0.06228454209855716 -15.584582187152563 -10.606107067535788 0.4750734080787089 1.997400041840477 17.56412605042199 19.867334112196403 
0 0.38103205019643993 0.5528594847876065 0.0813237765725977 0.09796309007174742 -7.414994398423289 -3.3285227288001806 0.08999989343846249 1.9756739920818567 13.531873461424269 17.612573104385817 
0 0.8253017801210731 0.5213326593529737 0.06050975792696234 0.03634147613512739 27.08487534257833 30.77078378200298 0.1447381855946155 1.7111412763789882 30.27259921135702 32.17068218281656 
0 0.08739292943519003 0.545207553489073 0.1429060513156455 0.06597995681179769 -24.76916905856683 -19.512430858256124 0.3496714068325182 1.9994389901166432 17.90305794688402 20.04079735384336 
0 1.0046765137663127 0.5212330169380692 0.10726377677081389 0.04008199194823725 36.77843668989692 42.202324637345114 0.048332721344856555 1.564886850326682 26.43874531734818 28.579186734632955 
0 0.8656088888203699 0.5223635067548964 0.08852958891936391 0.04598587396304754 26.480977144237087 31.147785688654437 -0.02389619770857676 1.726006536340236 26.58251470764975 28.880486759957975 
0 0.6700102959016163 0.526456158596055 0.06278596292243732 0.034580669019658505 12.882162857636729 17.608133331979275 0.4249470255908754 1.9148232755128667 30.540836420303833 32.634762020307676 
0 0.5359578194097507 0.5102230904092002 0.01705133480215648 0.012220341258709522 6.84826427710297 11.12958249438934 0.5238918670913704 1.999576572080836 85.69386945233927 89.30183520077114 
0 -13.247059215869484 18.971235700273663 26.995177694713625 36.75867224922752 -4.9138738943780425 -2.734683534921487 0.5177350954429669 1.993137546702238 0.03786506642499887 3.947598222962604 
0 0.7908484805352052 0.5254520848893476 0.07018068990386606 0.04375512177146501 21.00380906116102 25.05381424017581 0.14541937517757608 1.823118284356019 26.8688150381507 28.80595560036403 
0 0.6904104583623841 0.5305534970492085 0.08124482680116119 0.03855840422200252 12.389906404092386 17.804989354816087 0.46414943594788216 1.92582527921866 26.911244252189576 29.06750516527802 
0 0.7574016077760484 0.5234655518259648 0.07279923764996987 0.03741982505893737 20.42367922921838 25.45100563491448 0.2193548846640614 1.8296954933620921 30.2845458347323 32.41266469197686 
