0 0.9054216535446487 0.519940870752486 0.08500681726672477 0.037424722590078674 32.76473624481049 37.63739586594593 0.05533088894114657 1.628443232206605 29.37336075786361 31.662743668231585 
0 0.493823167466689 0.5249290798970248 0.0314984204359991 0.03635530382292895 -2.026959660052114 1.0032621105227975 0.3122511906954004 2.02500329567782 31.931391878923023 37.127745685374904 
0 0.47523407254917116 0.5195778844730181 0.016470114515370338 0.024825933596607674 -4.091616086668068 -2.2205082256003834 0.48109847526419136 1.9828340626433703 43.39428344286031 47.040885092983416 
0 0.25005869099115907 0.5493086378879719 0.1222598292733382 0.06405417824426529 -15.344161941185519 -10.365467062177459 0.47436128599943594 1.9971406326159475 17.093054238465356 19.39664054660483 
0 0.37975844019828175 0.5557555275641239 0.08248446473060483 0.10355335444336944 -7.217500896998899 -3.1852967404628316 0.08983527548662451 1.974872420844136 12.817513131000226 16.946715890187704 
0 0.83020720334989 0.5216605862088586 0.06172145811305674 0.03690652703782582 27.08486854049599 30.77077697992064 0.1447041434061167 1.7111072341904894 29.810517329037168 31.708600300496713 
0 0.08151248887641845 0.546392689020502 0.1470776713932713 0.06768128891633574 -24.520844524617814 -19.26776863263015 0.35078536133648797 1.998281481268898 17.438619408076022 19.568993273936414 
0 1.010167098627564 0.5217218187975763 0.10949995860026529 0.040700335905578755 36.54040792535518 41.96340656754907 0.054740946897655185 1.567658795413156 25.98138283213885 28.121811696352694 
0 0.8718467433868946 0.5227573619767867 0.09055538693324772 0.04679767865580603 26.480970342154748 31.147778886572098 -0.023930239897075545 1.7259724941517371 26.1204328253299 28.418404877638125 
0 0.6693869492290943 0.5269256599199237 0.06367290109284718 0.03517750972081313 12.60360921287456 17.329039347849687 0.42703751050109506 1.9190120318039554 30.08480312475936 32.17557738027271 
0 0.5345722088259829 0.51031108854439 0.017155714582764325 0.012331146668851933 6.432597009362567 10.710259269885654 0.5238393898572467 1.9995218613182217 84.9458224792519 88.59042992004392 
0 1.2889511592609295 -0.1179799160759829 2.686004725472294 2.2046612536853485 -4.938488529755659 -2.762856208807449 0.5176490957130562 1.9930826827167814 -0.9189152989670788 2.989113217419508 
0 0.7948522343710231 0.5259230524415458 0.0716364802700834 0.044464033346112375 20.93278142560284 24.98199501954859 0.14749522288715844 1.8234972861755008 26.408314234309373 28.345648276576924 
0 0.6893138847799987 0.5311715041813894 0.08249778372494354 0.03924651417949521 12.054540686278486 17.46959439064227 0.4684381905419954 1.9295398205352068 26.45683792426628 28.612765742351698 
0 0.7609876316105089 0.5238233129543937 0.07413922883505375 0.03812537656195747 20.398786082954132 25.42642472265726 0.21663385894665455 1.8319868257087923 29.82476984701161 31.949596324279227 
