0 0.9087588259453234 0.5203217343656904 0.08650768556439481 0.038040542246502884 32.52027594253107 37.39280615631873 0.057761795334052124 1.6319990436837657 28.91408540022899 31.208919832521296 
0 0.4945062387571253 0.5250858771832081 0.03050432649388063 0.0363038992043736 -1.9167909314546705 1.0229705594102256 0.322887748289882 2.0201594686783855 31.938106203834856 37.11052659832669 
0 0.4749744609840367 0.5197850485391908 0.01666115954029812 0.02509912823367888 -4.091622802406022 -2.2205149413383367 0.48106443335664295 1.9828000207358218 42.93220537426041 46.578807024383515 
0 0.24808237769236285 0.5506577258325747 0.12570813855363663 0.06592377769325208 -15.103709170722198 -10.12451077565467 0.4738095213312523 1.9964816109529508 16.621270824331724 18.92612807595932 
0 0.37812969897094617 0.5590301508512097 0.0835711320090024 0.1097917555350203 -7.023161667858119 -3.051730539721035 0.08933259208897915 1.974798879360491 12.0960757003757 16.269498503816017 
0 0.835262941713647 0.5219987769749312 0.06297952783085903 0.03748941638868575 27.084861824758036 30.770770264182687 0.1446701014985683 1.711073192282941 29.348439260437267 31.24652223189681 
0 0.07538016694797428 0.5476426536949468 0.15149454789173122 0.0694681586514041 -24.268991802754982 -19.019602041490145 0.352045570261168 1.9969803205319658 16.973741641046452 19.096938668174424 
0 1.015834171515691 0.5222287205064549 0.111826582736397 0.041336659536150955 36.30136349365064 41.72342923457593 0.06127309695649208 1.5703817370222295 25.52404638143519 27.664465358869116 
0 0.8783015917881734 0.5231653785852131 0.09266963716102683 0.04763866762836144 26.48096345372798 31.14777199814533 -0.02396416315723604 1.7259385708915769 25.65834712928133 27.95631918158957 
0 0.699658460813507 0.5093801030156466 0.023626333323632065 0.013624158555470944 47.40413409991503 52.02659889260599 0.3239526608728587 1.991430366528483 86.1094416045919 88.37491283120337 
0 0.6687393657572922 0.5274095824420832 0.0645817831670904 0.03577106999117652 12.324574271353512 17.04923839400979 0.4296238732548212 1.9227368035337622 29.62855873902084 31.7163366273302 
0 0.5331839622462009 0.5104014411786968 0.01726043587779258 0.01244484398257173 6.022007722140231 10.294852021927667 0.5237802070322548 1.999472470963727 84.19114976924178 87.87190859507456 
0 0.7985200540364423 0.5264188346191028 0.0731198911515295 0.045227232630523306 20.825755842097408 24.874579678894847 0.14948437733500541 1.824620950660968 25.948558752635357 27.88598883017344 
0 0.687828254055618 0.5318185716850411 0.0837593187362361 0.03995636802849756 11.69223745252927 17.10722034049884 0.47317255093832866 1.9334739124396474 26.0030092412188 28.158556338116036 
0 0.764315780891035 0.5242003457274447 0.07551025654692267 0.038873051420801885 20.341650735145777 25.37058946680206 0.21364655242882424 1.835288339906584 29.364418442356815 31.487775703933615 
