0 0.49512229191885043 0.52515860589071 0.029603652722130946 0.03670218801574743 -1.8162464976195167 1.0410962354992819 0.3358174759311183 2.015392553488788 31.947210238144038 37.09213168599065 
0 0.4747092186603191 0.5199966614207449 0.0168566521370338 0.02537839116553564 -4.091644859368188 -2.2205369983005028 0.48103039119557356 1.9827659785747525 42.470123837318226 46.11672548744133 
0 0.24598844815614418 0.5520898595527537 0.12934675777089819 0.06791092395863763 -14.863624444569325 -9.883085169809561 0.47328789706930396 1.9957692614197544 16.14778017213058 18.455971879425093 
0 0.37613281648800734 0.5629068170369576 0.08416066081453483 0.11704187977098834 -6.817946560968807 -2.9255018847457563 0.08854563011662164 1.976197626060359 11.344121746849055 15.563029266545996 
0 0.8404759209058177 0.5223477268885974 0.06428657734535481 0.03809101184636754 27.08483976779587 30.77074820722052 0.1446360593374989 1.7110391501218718 28.88635772349508 30.784440694954625 
0 0.06889414661349393 0.5489634591103252 0.1561990385077798 0.07137254676563576 -24.018001460952746 -18.771951331056613 0.35314974113375097 1.9958321483287846 16.50837001217178 18.625085197756903 
0 1.0216595919252227 0.5227528292246251 0.11425042441605371 0.042021481935642035 36.05916846803203 41.48052869733199 0.067286293060832 1.5735211705593657 25.066773365072066 27.207184811986338 
0 0.8849845501285161 0.5235883138262254 0.09487790820080366 0.04851041348630958 26.480941569454657 31.147750113871993 -0.023998174954081852 1.7259045590947308 25.19627321977684 27.494245272085067 
0 0.7007224791214701 0.509430256966013 0.023779334237590488 0.013698012984945884 47.40411204295286 52.02657683564382 0.3239186187117893 1.9913963243674135 85.6473600676497 87.91283129426118 
0 0.6680663186559113 0.5279087535344169 0.06551437807547955 0.03636702416985482 12.045034019991093 16.76873910189815 0.4325830919824103 1.926124637842107 29.17215385090789 31.256991458907706 
0 0.5317938887145939 0.5104942642090624 0.01736499145007786 0.012561670155861626 5.616834175353787 9.883599892310286 0.523719249759597 1.9994240424056706 83.42957892371096 87.14623453070705 
0 0.8018874138705472 0.5269406329105565 0.07463152127151151 0.046031559535776756 20.686780696020946 24.735357635333315 0.1517128252031601 1.826166275829638 25.489445159926447 27.42682758049773 
0 0.6859377552601975 0.5324936760126997 0.08502897936235632 0.040675628574313394 11.30340194647762 16.718214145904625 0.4781787776231945 1.9376368270526652 25.549815256175123 27.705133760550353 
0 0.7672657979891663 0.5246052883379164 0.07689740348553031 0.0396243032577841 20.243677083070963 25.27416801826692 0.21180999733649974 1.8389078838869053 28.904091872568785 31.027267022198586 
