0 0.9177117373388899 0.5210947413601967 0.08995462923310005 0.039389255071994866 32.19044052148688 37.065456117716664 0.06030583627580666 1.6388911265974864 27.99679583749441 30.29650752212425 
0 0.49571932580616457 0.5253529558037893 0.028662739217747535 0.037284417037711015 -1.7159186741253905 1.0551010866817876 0.3552980111798407 2.007997813461007 31.95764378575678 37.07298639623857 
0 0.47443841087156946 0.5202128666365825 0.017056726406320444 0.02566392449084698 -4.091651661450527 -2.220543800382842 0.4809963490070748 1.9827319363862537 42.00804195499838 45.654643605121485 
0 0.24375784694186825 0.5536167888253646 0.13318743506703434 0.0700332152854588 -14.624378003123354 -9.641067399415647 0.4727846172003163 1.9950576637088775 15.671305492791284 17.986359917454358 
0 0.37345454207480044 0.5675306941038557 0.0837412575478721 0.1257281721334611 -6.603890642722774 -2.8192141021634143 0.08872666467105406 1.976782110273771 10.561070983698066 14.823675916012341 
0 0.8458539368819085 0.522707955328492 0.06564541546254432 0.03871222402850072 27.08483296571353 30.770741405138182 0.14460201714900012 1.711005107933373 28.424275841175238 30.322358812634782 
0 0.06187537072366235 0.550359511500508 0.1612391442804971 0.0733482180102284 -23.77557284360438 -18.532490888371882 0.3545713652227733 1.9943830396338695 16.04251598644351 18.1542898553243 
0 1.0276523318530848 0.5232940081225947 0.11677885538503563 0.042768707909753734 35.81381513640552 41.23480215577868 0.07252467047748112 1.5772373348559932 24.60957198863033 26.749982445096343 
0 0.8919086712168531 0.5240270220949433 0.09718646554368238 0.04941467431616986 26.480934767372318 31.147743311789654 -0.024032217142580636 1.725870516906232 24.734191337457 27.032163389765223 
0 0.7017979644305139 0.5094809532089276 0.023934268021256644 0.013772672424153809 47.40410524087052 52.026570033561484 0.3238845765232905 1.9913622821789148 85.18527818532985 87.45074941194133 
0 0.6673667351864424 0.5284236045439241 0.06647307706986427 0.036972676939769245 11.764925913208913 16.48762037443234 0.43570991735249165 1.9293501574087877 28.71554453642991 30.797619063703216 
0 0.5304014880921559 0.5105895841770589 0.017470331349553447 0.012681734366794983 5.217010858909845 9.476526162056132 0.5236644597824414 1.9993683727805807 82.66177176241663 86.41326378438728 
0 0.8049577201773361 0.5274913304274744 0.07617237824506484 0.04686560139746543 20.5174657888697 24.565801810139618 0.15433692814405187 1.8281099741645896 25.03101724335142 26.96834642727884 
0 0.6836313907745143 0.5331988205611246 0.08630676471722176 0.041411141747818014 10.888701636123784 16.303295405258027 0.4834209714651547 1.942093504719851 25.09717715338902 27.252401068559372 
0 0.7698174904932336 0.5250446674526087 0.07828890260603905 0.04033009031304835 20.105310784875527 25.136574852174434 0.21242866269147687 1.8420258633976505 28.44437007486882 30.56762461791167 
