0 0.9239120032197479 0.5214629625456018 0.09190545803136552 0.04009835272720719 32.14535143452734 37.02106338657532 0.05996483008062348 1.6406207371006005 27.53624157658654 29.835841004089907 
0 0.49623919870056377 0.525425180664782 0.027847773819322963 0.03755664640520473 -1.6291790305670588 1.067446268750956 0.35176537870677405 2.0181397187281704 31.964073902405936 37.06078088534236 
0 0.4741617331932114 0.5204338152939144 0.01726155407435087 0.025955941140720862 -4.0916584635328945 -2.2205506024652095 0.48096230681857577 1.9826978941977547 41.54596007267855 45.19256172280165 
0 0.24137101709217224 0.5552537868542209 0.1372415447472636 0.07231260318470911 -14.38629791530036 -9.398129793901774 0.47229314805278055 1.9943540156688906 15.190188554528284 17.517528512466292 
0 0.36974920320619453 0.5730908819508501 0.08218765308082981 0.13634952214400609 -6.386840083406213 -2.7373777984781213 0.0893939190090487 1.976678103902369 9.751990024584934 14.047267154975877 
0 0.851404763266 0.5230800179297579 0.06705903496206744 0.039354027535937974 27.084826163631163 30.770734603055814 0.1445679749605011 1.7109710657448738 27.9621939588554 29.860276930314946 
0 0.053752983621328035 0.5518288952629656 0.16672474328685935 0.07586654752360933 -23.569061728096358 -18.32532115781649 0.3507411087879142 1.9982327048978927 15.576945631077912 17.684688942738553 
0 0.8990869290484593 0.5244823954221348 0.09960192166991089 0.050353287332206065 26.48092796528995 31.147736509707286 -0.024066259331079642 1.725836474717733 24.272109455137162 26.570081507445387 
0 0.7028850391007141 0.5095322005497496 0.024091168949303077 0.013848150048468844 47.404098438788154 52.026563231479116 0.3238505343347915 1.9913282399904157 84.72319630301001 86.9886675296215 
0 0.6664764924557897 0.5289562840240982 0.06743808680379582 0.03752328086423751 11.471181741708477 16.191998142393004 0.44033580616323875 1.9313050066546076 28.25899853871841 30.338472276265286 
0 0.5290075891908115 0.5106875357854624 0.01757547692244288 0.012805045444423957 4.822907432366421 9.073852480415624 0.5236027879970855 1.9993184140764095 81.8872516663339 85.67313951481415 
0 0.8077279293385252 0.5280730091431541 0.07774345628874446 0.047726442331857744 20.31872807855305 24.366770466374987 0.1574295323545638 1.830416691880356 24.57318155935588 26.510473336725916 
0 0.6809143512289195 0.5339265690418947 0.08759106242257941 0.04215346309591972 10.450198067924816 15.864406677418245 0.48888449402706935 1.9462175030993243 24.64516140952842 26.800339882749206 
0 0.7720306187566449 0.5255180495392241 0.07968745897144691 0.04096937781440957 19.933187157586318 24.964197823976278 0.21561774376198506 1.8443772610973508 27.985236510572285 30.108790077705017 
