0 0.4966763183641013 0.5254328048559402 0.027050881326832588 0.03754395857291348 -1.5510802372220382 1.072095957707802 0.35238397243486763 2.0187984915464106 31.97380529487519 37.04787790086213 
0 0.47387899239758474 0.5206596653796637 0.017471305017018435 0.026254664005499695 -4.091665265615234 -2.2205574045475487 0.480928264630077 1.9826638520092559 41.0838781903587 44.730479840481806 
0 0.23880652969531796 0.5570141429919484 0.14153194299202296 0.07477267085075756 -14.149463108771016 -9.154388201950383 0.47165513132584613 1.993810008870924 14.704266040452339 17.04906009583759 
0 0.3646357949781943 0.5798785981337311 0.07924374997786471 0.14941414391290408 -6.16906872115365 -2.682578664668796 0.09149276898201109 1.975661700685885 8.920667785828371 13.232019453331276 
0 0.8571368745678608 0.5234645077352743 0.06853067058956563 0.04001746310163479 27.084819361548824 30.770727800973475 0.14453393277200233 1.710937023556375 27.500112076535558 29.398195047995102 
0 0.04401551208929198 0.5534167539463188 0.17279158786935636 0.07862302718575942 -23.416233735667817 -18.171232431655028 0.3466674810729804 2.002329091037011 15.112067544896291 17.21702238052687 
0 0.9065336055292494 0.5249554017671626 0.10213152876487819 0.05132824795729857 26.48092116320761 31.147729707624947 -0.024100301519578426 1.7258024325292343 23.81002757281732 26.107999625125544 
0 0.6775640397886398 0.5095701644747874 0.02352683369091435 0.013904497035061358 41.02307531027121 45.65205383769144 0.3238484428594979 1.9912830661336907 84.38236449428186 86.66139891623007 
0 0.7039838915077355 0.5095840080244383 0.024250073848608222 0.013924459379664023 47.404091636705814 52.02655642939678 0.3238164921462927 1.991294197801917 84.26111442069018 86.52658564730166 
0 0.6650223471784825 0.5295158403257703 0.06838585140815678 0.03805356965973106 11.133817609889618 15.852380143199454 0.44623080477018573 1.9328989392072802 27.802967322287415 29.88008187344805 
0 0.5276134391178764 0.5107882519133213 0.01767976302314911 0.0129318740116664 4.434974863923159 8.675886616093436 0.523539607534723 1.9992689051217847 81.10573540514824 84.92575501113859 
0 0.810189236345801 0.5286871788593388 0.07934530818033048 0.04861479923707057 20.091167144707043 24.13885226390873 0.16100314278724026 1.8330659254636243 24.11597750719656 26.05324584316277 
0 0.677830036247705 0.5346783249900438 0.08888858734198701 0.042924324737723674 9.992403405916406 15.406234629461267 0.4942535099450347 1.9502944501522208 24.19359268166599 26.348725409322967 
0 0.7739253862857496 0.5260180671222876 0.08110220102798149 0.04158510274025884 19.729993416456352 24.76029871815173 0.219674926532742 1.846870239442478 27.52667290996493 29.65077130073594 
