0 0.49704409598831834 0.5254061334910941 0.026287515673557194 0.037421795237084776 -1.4811037734558852 1.0712138835177996 0.35409826604768946 2.0153970978164297 31.98503995433778 37.035163718061895 
0 0.4735899897940502 0.5208905800548644 0.01768615538451407 0.026560323739641456 -4.091671981353187 -2.220564120285502 0.4808942227225288 1.9826298101017077 40.62180012175881 44.26840177188191 
0 0.2360322618967378 0.5589316672068056 0.14606692100404256 0.0774571861601201 -13.91448723985701 -8.909478726613713 0.47131958352411085 1.993103060846865 14.211050989289546 16.581161815176316 
0 0.35270780186132067 0.5883082581731682 0.08559054565111929 0.1657446863070725 -5.959706337798792 -2.640834546355137 0.09471093060335534 1.9741269493062448 8.069459283065854 12.377122553781561 
0 0.8630596028465867 0.5238619970252032 0.07006392783634674 0.04070410897260546 27.084834781958946 30.770751708951906 0.14448789069974888 1.7109097719314657 27.038032361290007 28.93611727446246 
0 0.032426396553857983 0.5550947893195307 0.17944591651592612 0.08145121556106338 -23.321428804514227 -18.07553865060578 0.34363961318032943 2.005357050147543 14.648412025989401 16.751228634707488 
0 0.9142641864158345 0.525447000048969 0.10478329186300284 0.052342355934873575 26.480922275887508 31.147738376463735 -0.02414798037625565 1.7257764359337275 23.34794916317564 25.645921185638016 
0 0.6785295995729174 0.509622388442917 0.023679664874597828 0.013981430945981033 41.02306859453326 45.65204712195349 0.3238144009519497 1.9912490242261425 83.92028642568197 86.19932084763018 
0 0.7050947052705225 0.5096363844329366 0.024411019127129174 0.014001613598765172 47.40408492096786 52.026549713658824 0.3237824502387445 1.9912601558943688 83.79903635209028 86.06450757870176 
0 0.6630723447335534 0.5300957050120876 0.06933194278547938 0.038633870882823995 10.760021448032532 15.476842009365583 0.45153625735922565 1.9352476703474177 27.3472931527821 29.422348665309144 
0 0.5262180542984314 0.5108917598535956 0.017784579883323937 0.01306233269363899 4.052978176620414 8.282582370825978 0.5234837902385288 1.9992113426989009 80.31800066672461 84.17100789976168 
0 0.8124323189544926 0.5293313168497346 0.08099051122713063 0.04954908340704356 19.842110565543265 23.889613853070017 0.16460231596422337 1.836176422756429 23.659243231454624 25.59651903680286 
0 0.6744433416586583 0.5354342438113447 0.09019838108933009 0.04368185282538417 9.52143339462991 14.934412929784841 0.49989529097200625 1.952492652027536 23.74230389416472 25.89710032275741 
0 0.7755012477216319 0.5265428439628039 0.08253778344420193 0.042227966941314254 19.49654462592649 24.52619444261599 0.22401414864298919 1.8497613083367388 27.068624445558413 29.19321246147733 
