0 0.9455067033570099 0.5223565519762441 0.09834478390559187 0.04207875431319774 32.14639528196108 37.020655451795506 0.05326712272249745 1.6294340068396624 26.154089039839775 28.4540601156812 
0 0.4973514742676679 0.5251315471664694 0.025561206701326278 0.03729116446400593 -1.4187702957953832 1.0660065949044224 0.34296965262822865 2.000780893622538 32.000632044520046 37.02760114773861 
0 0.4732972950574433 0.5208909846218677 0.01790407550223927 0.026869099637206406 -4.0916802544986695 -2.220572395671411 0.4665327843453839 1.9689335011410092 40.16395290467351 43.81082783005701 
0 0.23309064334927027 0.5607639759470848 0.1508165787636603 0.08037364803435054 -13.681730054826119 -8.663269594669345 0.4654283849920591 1.987441083483795 13.712933729731802 16.118249742210693 
0 0.3348351084921958 0.5986629325990287 0.09758186935663088 0.1863629445331113 -5.760292020937669 -2.6160791985540186 0.08844946169804402 1.975297929293532 7.20125508088654 11.493141270393139 
0 0.8690263065062053 0.5240371523993477 0.07162698250110999 0.04137382839015735 27.07752997810597 30.76289685526227 0.13600636174884295 1.701122201577955 26.58058011997612 28.47812066797873 
0 0.018448054751423602 0.5566034538657393 0.18678454522646504 0.0844502328765675 -23.308158229716213 -18.060343238656998 0.3344456944698735 2.0036774095054444 14.190017042544099 16.293280099752025 
0 0.922129688595422 0.5257201174374713 0.10750725117280979 0.05333908869611176 26.47544899618505 31.1414487077611 -0.03125868621937533 1.716819644207131 22.890810949391053 25.187679122211094 
0 0.6794965173150153 0.5094460703737946 0.023833609776922726 0.014058297769198203 41.023060317166596 45.65203884699851 0.29595515927127036 1.9638009114826753 83.46240030266338 85.74173399379322 
0 0.7062070954083707 0.5094602125713423 0.02457309118862616 0.014078702482211214 47.40407664360633 52.026541438709486 0.2959715014687281 1.9638456008890761 83.341155219211 85.60691574168735 
0 0.6606371770423274 0.530455423234592 0.07026081124825667 0.03924899586317143 10.354661999990512 15.070050030356967 0.4470043989604575 1.9287428538558522 26.896285467683555 28.969363191397832 
0 0.5248212995402068 0.5107688080143026 0.017887626309536775 0.013195382683234502 3.6773993451954112 7.894212193281803 0.4968767412826558 1.9724667678171053 79.52810792916577 83.41327411705262 
0 0.8146753412343517 0.5297534513122213 0.08268022359662097 0.050526416358390946 19.590929936068292 23.63849682763356 0.15987099858391485 1.8309427245862024 23.207072320862792 25.143882457159663 
0 0.6707873723677504 0.5359476719932001 0.09150507888976123 0.04439798862967004 9.042993449204602 14.454445512397243 0.4973270172377571 1.9445835631284007 23.29572442908379 25.449539479338256 
0 0.7767094243870951 0.5268477269392767 0.08397095115970576 0.04290305507907233 19.233582006379194 24.262655807669304 0.21965795163044444 1.842933952400174 26.6156198456209 28.739864554088868 
