0 0.9527065118073974 0.521505034783135 0.10049606358219121 0.04275503433022032 32.146549688267086 37.020587355337184 0.005078029735294809 1.5838033599899293 25.72119851411552 28.02371855271732 
0 0.497605235750675 0.5238670258365701 0.024851361176780107 0.03716120808631951 -1.3634263652803327 1.0567036213553251 0.27968176735737926 1.9426077829131467 32.04158026228074 37.04824538889486 
0 0.47301542075757613 0.5199158652113891 0.01811593083590546 0.027161923308042568 -4.09168404763534 -2.220576187345813 0.3924503137812809 1.9008380672990703 39.731701081166854 43.38103583109177 
0 0.23037430731093628 0.5616237564643144 0.15552302230505824 0.08338270819191851 -13.451558119202815 -8.41594721641053 0.437128641135184 1.9618115309832225 13.230244553349927 15.683486953141163 
0 0.31592520145474995 0.6106441109818079 0.12003178099124445 0.2123508016417034 -5.577069293430384 -2.6021637105455113 0.06764226724307365 1.9660456643389637 6.340038706872853 10.608153072296354 
0 0.8744945240126376 0.5232336862615872 0.07309152935872287 0.041917862010961815 27.045477824896608 30.728913882495064 0.09094089034665265 1.6537912784245998 26.14820381856631 28.04832284261324 
0 0.004138730330394622 0.5570386298394038 0.19414502541788728 0.08667507807514041 -23.307570149061547 -18.062591946052663 0.3102345563792763 1.9734504936513608 13.757763319732184 15.863538639710278 
0 0.929521471989984 0.5250055173175167 0.11011544082551328 0.054167482629701225 26.45069983364118 31.114774640305953 -0.07055485437363718 1.6750117468759045 22.458043632807154 24.757818101132848 
0 0.680417288040085 0.5083211533389638 0.023985694656236456 0.014130714313057235 41.02305651679555 45.65203504461664 0.15299802207119262 1.8245841472276467 83.02980928778436 85.31187760952247 
0 0.7072663899947187 0.5083354049428439 0.024733881856695672 0.01415133241302835 47.40407284326109 52.026537636356395 0.15323581585942403 1.8248280094729608 82.90856444267789 85.17705956751593 
0 0.6576119313416001 0.5297975527551331 0.07108365791060356 0.039752468781390715 9.922114549206185 14.635156554609352 0.40343581410998475 1.8829778913097281 26.470839608663688 28.544747248640995 
0 0.5234180749518996 0.5096982261425653 0.017983019042760562 0.013326469695320253 3.3086611957785124 7.511035926101201 0.3583420695965238 1.8403350395489673 78.75671305003144 82.6761946919267 
0 0.8166351808910111 0.5291699278253573 0.0842870426604686 0.05146235849703995 19.339018872788714 23.386482744725186 0.12096555416339205 1.7929877039704398 22.780918423413134 24.718150356287502 
0 0.6667552937898611 0.5354497504969457 0.09271036268341581 0.04505354614694124 8.561624969551374 13.970286756364175 0.45969860307666366 1.9039697176802657 22.875204368573314 25.02777629839158 
0 0.7773096748782171 0.5261601193608086 0.08529825657931667 0.04355737594955533 18.9417759948592 23.970280847445366 0.17662731702224566 1.7989238074794227 26.189151848990072 28.313683562259023 
