0 0.959336107165077 0.5199261811858422 0.10246678878322102 0.04338001244877343 32.14663157046009 37.02054629794024 -0.06926296182005709 1.5142358633332913 25.33362085516128 27.640128497513082 
0 0.49780911009978074 0.5218930069505414 0.024147045930605793 0.03700982030452271 -1.314860776488672 1.0436450473458763 0.17956056432928102 1.8539958066845188 32.127699555894715 37.11640029036837 
0 0.4727584498736938 0.518240656576995 0.018310362926464596 0.02742502958783477 -4.091696958256904 -2.220589121954845 0.2780199875797331 1.7957726599719588 39.34505658122091 42.99822258402026 
0 0.22829740157038517 0.561660593155049 0.15986297523977538 0.08646420840031199 -13.224127846699218 -8.167878453953335 0.39475498641365836 1.9235532359084568 12.782576327525582 15.295552648867805 
0 0.29500859267988033 0.6251791079206511 0.15354969639165977 0.2447733465544022 -5.41349068404412 -2.5913198149412437 0.038812810957898236 1.9540055943729162 5.509972184530987 9.749053513601545 
0 0.8787715980088422 0.5217273771897659 0.07436225033186805 0.042394875740692006 26.960494248189676 30.641611252951975 0.02089388443272089 1.5829067047209633 25.76213489597466 27.665940238317752 
0 -0.00938686797688805 0.5566371539008343 0.20148535740316267 0.08875130331904002 -23.307027678077475 -18.06465253365863 0.27086853798751576 1.9307804536659543 13.371213292370747 15.480971069069206 
0 0.9356086513845063 0.5235787274338155 0.11242144046714819 0.05485583999342647 26.38045273607372 31.04180198012341 -0.1309943648767975 1.6123406814046095 22.07112460999219 24.37537230257714 
0 0.7082221886397531 0.50654098929912 0.024883794478465338 0.014216290593386471 47.404059889477395 52.02652470848557 -0.06867558424968978 1.6087285673819256 82.52115533272124 84.79391937641063 
0 0.6539378045618465 0.5283996994197413 0.07175065516514356 0.04017928775848545 9.467524070496722 14.178238934744442 0.3334111848113248 1.8119684295918876 26.091256120492027 28.167685511042585 
0 0.5220035040462747 0.507958470377841 0.018069551005780116 0.013452389270007914 2.9464201294268975 7.133031332143048 0.14426052996961225 1.6364572026964421 78.02469762133137 81.97850647166538 
0 0.8180192515109146 0.52784437380281 0.0857120350818793 0.052307242994769854 19.08639432855672 23.13358741257798 0.05855378383514953 1.7343777561239522 22.399030950785225 24.340586838613753 
0 0.662250623137088 0.5342071057788335 0.09372990945024973 0.04562174134389174 8.080839593185004 13.484137884464346 0.39931998507808064 1.8414888863859222 22.502236264677244 24.64713305549359 
0 0.7770745610820311 0.5247521224115632 0.08643664547119478 0.04414671176212659 18.621867339091352 23.649787077890934 0.1065278975304711 1.731904026170044 25.807426771284163 27.936217965495423 
