0 0.96517874154071 0.5184556243625572 0.10421158834772914 0.04393397544206862 32.146701333974775 37.02054784566653 -0.1362186213350962 1.4518240604448591 25.00109800662139 27.311261827645296 
0 0.49796554978103336 0.5200377240963387 0.023442946288020183 0.03682124484625604 -1.2726827251536577 1.0269827943053542 0.08650921303293302 1.772466571791878 32.26845829693376 37.239475957126416 
0 0.47253430582275086 0.5166871665620678 0.01848056953583488 0.02765437829019235 -4.091680866038672 -2.2205730459319 0.17424240607235086 1.700608779545102 39.01331057356768 42.66998276684714 
0 0.22710549224195128 0.5617510935127594 0.1635981713298273 0.08946214416038534 -12.999335586703523 -7.919447294214848 0.3576656639260105 1.8898995328061572 12.37893595026003 14.96131509691493 
0 0.26863327539429066 0.6442133761013109 0.19549960630259408 0.2852026985196435 -5.269614662304718 -2.5809056254787492 0.0205100949781154 1.9444295125129978 4.725559898690591 8.930282659067515 
0 0.8818440922048397 0.5203364370704266 0.07544905589086714 0.042903609210610705 26.835414864330914 30.51580509134706 -0.04344913656264371 1.5214686466543856 25.431698224463005 27.338748377775275 
0 -0.021576781609112396 0.5562323603867609 0.20819929887589905 0.09073434121418389 -23.306663060862434 -18.065881461899522 0.23487734483590605 1.8944279101918804 13.039655743377082 15.15311383495191 
0 0.9402763880847306 0.5222546280120851 0.11441759373857652 0.05559462473498705 26.273434172723924 30.933862690181115 -0.1870594633920004 1.5587693033857029 21.73975285058104 24.04808804048976 
0 0.7090499062771218 0.5048859801631684 0.02501449980787729 0.014272524494468142 47.404075946785156 52.02654078303743 -0.2714120432734939 1.4113335297473104 82.18845285310788 84.46513413169554 
0 0.649654755894221 0.5271012740590688 0.07224553728909544 0.04054355618836747 8.997952960773347 13.706616656256287 0.27084316432920286 1.7484677199737124 25.766689901693752 27.845640909605805 
0 0.5205784769633497 0.506358912759732 0.01814228981290167 0.013572195203046533 2.591249055537361 6.7604880261329185 -0.049610805390057244 1.4521080728034388 77.34096376627791 81.32793307064792 
0 0.8186711932801707 0.526612328507273 0.0869172896576823 0.05304257125230605 18.833027051406162 22.879849087498187 0.003110486262167811 1.6821197445752714 22.072248906454305 24.017767848393447 
0 0.6572562838469871 0.5330574483056331 0.09453544857325291 0.04610418641884717 7.603473028320138 12.996708024547772 0.3460790059797807 1.7851110816978752 22.186809562402587 24.30986176011507 
0 0.7759062125205041 0.523458144711752 0.0873523487909128 0.04464498775852843 18.275850900182917 23.303055274961835 0.04463293278522995 1.672187254856722 25.481234800955363 27.613901591048545 
