0 0.498075037139736 0.5187483290577654 0.022734093575950187 0.03658228408418562 -1.2365374622231116 1.00648285577887 0.024424157615953845 1.7182365731809413 32.46841838576721 37.42071259844697 
0 0.4723471182322125 0.5157014176637568 0.018622467659059172 0.027847286129410564 -4.09168901749814 -2.220581205805445 0.1076179798478214 1.6396179642816977 38.74084867093792 42.39980479885102 
0 0.22695398798127348 0.5623372861102481 0.1665606272735585 0.09231784150363231 -12.777157385768646 -7.671318698903974 0.3350531958654188 1.8690527968275814 12.023698689215138 14.683349417794119 
0 0.23478684561509533 0.6697838556044128 0.24986816957957556 0.33711406820528755 -5.144631061357785 -2.576302085550765 0.014258485470821647 1.9411702748137438 3.994060287943185 8.161275980838369 
0 0.8836420744245366 0.5195182296653922 0.07632197118871709 0.04337078907684122 26.674696239460076 30.35495557083982 -0.08358497245547758 1.4843840622608655 25.16130713199415 27.07024101446939 
0 -0.03204103384575372 0.5562650564243277 0.21399673663384772 0.09252368004999167 -23.30648843719618 -18.066588388217156 0.212353459523559 1.8722091411325268 12.767371593572477 14.883250879828566 
0 0.9434045864908528 0.5214963633708136 0.11604992656766489 0.056287692169364134 26.133647082493127 30.794078677440794 -0.2222601122757033 1.5269064229232185 21.468464249474977 23.779485686126094 
0 0.7097352585524446 0.5038091258265038 0.025121258365140453 0.014319346125717225 47.40406777437005 52.02653261945869 -0.40281022050535586 1.2834265538379386 81.91523380441858 84.19447226301851 
0 0.6449485439491043 0.5263511765668172 0.07257872343348237 0.040884564029263104 8.527893122411683 13.235994169210187 0.23209041440893863 1.7095331587609865 25.50084432254546 27.58310562025106 
0 0.5191457732311736 0.5053385986681973 0.018198422813159087 0.01368543405668432 2.243538248813394 6.393611167316806 -0.17338639059377758 1.3347123632253197 76.70994562302393 80.72814307329064 
0 0.0037048390934011424 0.548546543607811 0.14269601590058428 0.06256176050487039 -26.30387588147275 -22.120928457900334 0.44918559102958433 1.850422409012502 16.21975798391655 18.22851615514263 
0 0.818376552641922 0.5259314675891392 0.08786169827341594 0.05363566792966129 18.571140606435208 22.617281400354287 -0.029944699470350056 1.6500288748413707 21.805202893421622 23.753269483647045 
0 0.6517859406417377 0.5324532510439004 0.09512303030835545 0.04653206945155597 7.131152567311091 12.508037444397118 0.31445004867292603 1.7492246076003068 21.9328276746146 24.015094993486258 
0 0.7737898110165405 0.5227298684648456 0.08802555876467566 0.04503095808811053 17.90770920074425 22.933948439424498 0.008344311948945915 1.635591583644306 25.214934547191547 27.350116645477755 
