0 0.49813843976610717 0.5180770017426073 0.02201784732784512 0.036285231929339745 -1.206077130837599 0.9819218011146233 -0.0035276812858775486 1.693730850536883 32.72872277698727 37.66088386731725 
0 0.47219959248808396 0.5153371248488117 0.018734094722534178 0.028001601878085536 -4.0916717148824375 -2.2205639205703847 0.08048968156461322 1.614877439579982 38.52866648580131 42.188588449732805 
0 0.22795389309368047 0.5634378201958226 0.16867933562295054 0.09494870487322538 -12.556172944047063 -7.424114581969604 0.3273325831241882 1.8609464565695957 11.721080414947807 14.460975185554346 
0 0.19054190776293017 0.7044244568075229 0.3224050852381557 0.40551512681451996 -5.0376779610024585 -2.5773289888629733 0.01767439014198935 1.9430357935642248 3.3186781280363817 7.447083654727081 
0 0.8841237918293111 0.5193285837164865 0.0769581332545084 0.04375516824609815 26.48031938292098 30.160538269787935 -0.0975493971686272 1.472176942066698 24.951850745751983 26.86124449932693 
0 -0.04049923004525042 0.556764682793933 0.2186894616487149 0.09402398572633186 -23.306379721828336 -18.066948888421194 0.20408105816576105 1.8637509769807123 12.555290797410422 14.672184557123643 
0 0.9449211586552123 0.5213622426025233 0.1172736715582452 0.056862782661272315 25.963070737261305 30.623765263842515 -0.2345391038632214 1.5167533401287034 21.2581457005611 23.570335193313667 
0 0.710272671282205 0.503363875006976 0.02520277072964816 0.014356346998184888 47.404085049258015 52.026549913276725 -0.45740559724886465 1.230310419799201 81.70269924422608 83.98302040762643 
0 0.6404337941703004 0.5261886239865304 0.07278948828827059 0.041303904921403234 8.102187530904047 12.812629530086568 0.21583544978243818 1.697722789486634 25.294138099297854 27.380788797333267 
0 0.5177071534255362 0.5049509004396456 0.018239788435505777 0.013791523091909674 1.9029117498087373 6.032480187072878 -0.22266830804071835 1.2883105017912568 76.13364921940708 80.18027239664146 
0 0.008006142063099728 0.5488224463523467 0.1433887486190884 0.06359395842438875 -25.787291865758675 -21.58682879632596 0.43791835198920515 1.840754479913659 15.975588666444722 18.02229703075463 
0 0.8166579482961571 0.5258602610681782 0.08848778988499162 0.05406925553129238 18.27343682580677 22.31862215381102 -0.03932969596340641 1.6391137483501521 21.59967964522336 23.548486358507404 
0 0.6458668735830867 0.5324420093710467 0.09548468658484555 0.0469513609326907 6.657407904661852 12.025489603090548 0.3044252797179876 1.735017803442389 21.720151628969177 23.779418368684063 
0 0.7707829256250779 0.5226179208885593 0.0884461483526553 0.045290320584456534 17.523502464734946 22.548445240156653 -0.0010521970162948868 1.6230160682690495 25.0094127081573 27.145649194570964 
