0 0.4982800057621219 0.5178656719354471 0.02154071421185544 0.03592955084673183 -1.181032412970012 0.9529451270707625 -0.0053703556823467835 1.6918731894211998 33.048040650880736 37.95877328343386 
0 0.47209183088719386 0.5154374358229552 0.01881525044664978 0.028116143122349446 -4.0916626659379745 -2.2205548672934015 0.0827801083832469 1.6170925183719427 38.37536808366933 42.03525958815179 
0 0.13110725895289876 0.7520940162089825 0.4226201634416268 0.49846751054095617 -4.946871840856716 -2.5835626415091326 0.027651051156361905 1.9475130032370862 2.7000488623584715 6.789183075699597 
0 0.8832857916644666 0.519606606086121 0.07734455850292865 0.04404266043473476 26.25333142287097 29.933451195031637 -0.09189348327649993 1.478291399728558 24.801869876798094 26.710635545390957 
0 -0.04679304296425146 0.5575549257644059 0.22217425963709736 0.09519317014188311 -23.306279201091286 -18.06709610910866 0.20620437137251546 1.8650144792059848 12.402002393800103 14.518837059917018 
0 0.9448078503569933 0.5216890072370758 0.1180607557857083 0.05728511147588783 25.762767173314643 30.42367783777715 -0.22951142525957868 1.5222977911996929 21.107275386089967 23.419512077624447 
0 0.7106629325360343 0.5033968370817746 0.025259947741038014 0.014383466326093997 47.40409410419497 52.02655896345493 -0.4542481228404336 1.2334212063135004 81.54941224870174 83.82969925494717 
0 0.6365607768951876 0.5264451709082059 0.07291048266409428 0.04166698911304667 7.751882151023551 12.464757967319983 0.21756935506381758 1.7037515653632094 25.14567040265507 27.234896838446957 
0 0.5162671468786892 0.5050422753652877 0.018264349433778748 0.013889910433064423 1.569863934270245 5.677243363992389 -0.21648869664555015 1.2946377732181542 75.61033645772352 79.68333303933974 
0 0.01399500371001659 0.5494608074296665 0.14343621143109214 0.06443829964192616 -25.270614344962354 -21.053166218096266 0.43970470115058546 1.8428323568833074 15.785843874288304 17.86898968826989 
0 0.8135454107812485 0.5262272540136264 0.08879292109548698 0.05440664889192959 17.941773208665197 21.98649201051819 -0.03248538820460567 1.6445595443879106 21.45380631492833 23.402313063707524 
0 0.6395586058748337 0.532857368510244 0.09565161380745824 0.04740278645519724 6.165456405175931 11.566787296021829 0.3091287205322417 1.7367385191162859 21.49806656840437 23.643830493789423 
0 0.7670479553661069 0.5229581825066145 0.0886168799943895 0.045398106671735605 17.134226011711633 22.157300388688185 0.009955374402185413 1.627594670744399 24.862944864330956 26.999116538853514 
