0 0.49865532075510455 0.5170362330627166 0.02103863284608748 0.035032172585033106 -1.1581298021045825 0.8876510101473798 -0.02653763269273579 1.6722428489950416 33.868545449070865 38.743716687192574 
0 0.47198588447048706 0.5152498003051488 0.018880460748383454 0.028205788461360903 -4.093861083347292 -2.2229597964812626 0.06863071506513485 1.6042009007825269 38.25409211460652 41.91439717925563 
0 0.23814005777689518 0.5665520113178432 0.16946125617980756 0.1008277954276402 -11.904199098996997 -6.692823857776176 0.3253560193175198 1.8603480748504695 11.122212621523147 14.131309356914855 
0 -0.06982773276407514 0.9139469713525057 0.7800973949573595 0.8170658580736437 -4.805916162541706 -2.6148145934370177 0.042541993713181014 1.9540819420530258 1.6466885944844165 5.659215134680224 
0 0.8774458955698543 0.5197119779355246 0.07723288562440944 0.044250492862067003 25.703370412787336 29.382561988677054 -0.09145282016622414 1.478983724291403 24.69007969090346 26.597838155504405 
0 -0.051933358062609715 0.5579094229691278 0.2250581878162416 0.09618225824192761 -23.307242600034414 -18.067887834862802 0.20164832843633018 1.8614316694003392 12.279632459990566 14.397298649276607 
0 0.9393713587211483 0.5218340534729844 0.11808794642359433 0.057565603170137425 25.274881638363965 29.935472442355575 -0.22902800247198174 1.5227462933685352 20.99359233472852 23.306343804305712 
0 0.7109455919408643 0.5031584811061037 0.025305094211865886 0.014404484764884484 47.399404631491805 52.022000330501385 -0.48335278654425107 1.2051316047114258 81.4306527725645 83.71176610939678 
0 0.6301068099728575 0.5263788997657917 0.07270837470434133 0.04185387183774647 7.2278525362403485 11.940610988466787 0.21050271996348613 1.6971862910696838 25.033371301675587 27.12321868854366 
0 0.5133787165098951 0.5049225533315119 0.01825862858845706 0.014058385929296424 0.9236144966646975 4.9811149280356375 -0.23719868012075418 1.2758032490365943 74.73089764522096 78.85397799854108 
0 0.03125106526935796 0.5498663403124926 0.14158415184924394 0.06541501622110257 -24.2376552399881 -19.9884966647426 0.43424475531847984 1.8387464755710317 15.579675684652614 17.732882815898122 
0 0.8032283148070825 0.5264060721128858 0.08830900214985304 0.05470145645240321 17.191749868291453 21.236441587917213 -0.031299759355814416 1.6466478530622792 21.349959459215 23.298724682623998 
0 0.6258750215539124 0.5331899891657182 0.09532454528216239 0.0482776435644523 5.178972860081942 10.668001847618427 0.303976952120637 1.7324308182650532 21.154237413548145 23.55062055535538 
0 0.7585997537663172 0.5231196677080101 0.0882383838218661 0.04501269281003495 16.431968713780265 21.448489714237738 0.023469280492695255 1.6194790269791213 24.756020925998996 26.89165371784074 
