0 0.6132916539495585 0.5185276138727514 0.02573141546740565 0.01852145359459545 20.71416178426429 25.320382603574473 0.9335942452430286 2.8106304182307484 70.26273898090322 72.21944127016445 
0 0.48694248733119183 0.5152029313523337 0.008135518680505494 0.015464668597429787 -4.210021018867138 -2.314237317566409 0.9607347883315636 2.821760394776076 86.0477022467365 90.14807913981792 
0 0.5832318161656402 0.5214333291250085 0.02539090179872172 0.013135684316199603 14.5805527642828 19.32264327984943 1.5159629678145334 2.8394516805923735 70.46037969414256 72.43092747326811 
0 0.12728428071614484 0.8187131110760689 0.4872775330850134 0.48964224035667825 -4.498039057668706 -2.485512518142457 0.6639768082373458 2.0976764005519692 2.5461684540560157 6.751439584367155 
0 0.04037167850294922 0.5271894816381233 0.06445305007584945 0.02786416026622729 -60.156679723083215 -57.878216506182525 0.8454550713201829 2.5659290761491 42.79349862498775 47.440774757757524 
0 0.71615285942162 0.523278057454051 0.038416314933718554 0.016905106824492977 34.53894450611759 39.90006469855379 1.2770610193819336 2.7126451574357073 59.347440413668764 61.40456506555243 
0 0.643945771317169 0.5197950709323795 0.02729091070751377 0.01668441315266611 26.639800885275477 32.283133595581106 1.1599180769675868 2.8431279961536053 69.6329575627491 73.66551801160077 
0 0.420347046065259 0.5226045480702772 0.031288408639871146 0.01838797212386012 -16.311602765970747 -11.195200681707348 1.1623143619502372 2.72453237674102 59.49239883992233 61.87871251501476 
0 0.8008058733095004 0.5224300097119066 0.03910449936363425 0.01876703582658712 49.35452230297008 54.33598713274485 1.1213015514402849 2.721325359829542 59.380257503587785 61.43727215633109 
0 0.3680425047769713 0.609382270547417 0.1362277802183567 0.14563893576313058 -4.624728286762519 -2.368160326073564 0.6225332092872264 2.1591845668666174 8.08030286176784 13.000779604488834 
4 0.5720766949579823 0.5277087610404161 0.004995661230362658 0.04058130563039708 6.4577415226503945 6.837775215158985 0.34031131111266166 2.204576531773422 32.09709878945541 32.49785980273477 
