0 0.6136700001437168 0.5211017176969601 0.02583698756299513 0.018588165841504467 20.7147012397634 25.320970720566464 1.1849338603597137 3.068766847600611 70.0249315989146 71.98812107273062 
0 0.4869102419231116 0.517744353432334 0.008158021928356018 0.015510627592730697 -4.209332148795596 -2.31354283706483 1.2813128190695249 3.1286021485825435 85.81558440345609 89.91112796236234 
0 0.5835109690658314 0.5240155854523779 0.025487284118852926 0.013182834207499328 14.581131297784452 19.323184147652995 1.768149466361364 3.0979567923627327 70.222550074356 72.19756428509767 
0 0.09385735137257398 0.8518570772326465 0.5450301197954521 0.5449721692209477 -4.497975378416442 -2.4854436645251496 0.6760099162556026 2.124385247000365 2.311603232769457 6.521578159766868 
0 0.03796797307183216 0.5298489156230513 0.06509545358041409 0.028031529991297544 -60.156279140444724 -57.87788081045619 0.9984982998439984 2.7350522752324617 42.55748858020378 47.21041503624885 
0 0.7197666268449787 0.5258912087803156 0.03869892457934676 0.016978253088616113 35.01579612858343 40.37470788634111 1.4901315818654304 2.9326556204314547 59.11360569606174 61.16983756781256 
0 0.6444228660992967 0.5223743805808211 0.027391348886005362 0.016746449318056023 26.640379867241975 32.283683614152125 1.4091492970238786 3.10648805568991 69.39510328155106 73.43322784595965 
0 0.42254564243038045 0.5251999094467666 0.03132018606871456 0.018455818018773273 -15.881928565058757 -10.76494585941552 1.3763330024064513 2.9443420962433766 59.26881542364957 61.662486209804015 
0 0.8047129394356466 0.5250428126912494 0.03941810030662718 0.018846784403939165 49.823644905875994 54.80494452428101 1.334725036867331 2.9417372985574564 59.142762323892654 61.20486996199515 
0 0.3644822048347969 0.6151824880166445 0.14105656829774477 0.15056478198451761 -4.624621712347505 -2.368045096015294 0.6540920427642587 2.207929530562377 7.84551401766219 12.77099780489037 
4 0.5730091533666914 0.5305768379456792 0.005084683041808868 0.04110209639294593 6.459889686288761 6.839886129375159 0.4542310397964804 2.3197116908783837 31.691777391408777 32.0990782030071 
