0 0.6141509891272119 0.5213070319058429 0.02595974438328974 0.018666029700774356 20.71532740634801 25.321554044193746 1.1965189271997545 3.0806452590598825 69.727914603206 71.6915666436112 
0 0.48686855102028687 0.517937025600594 0.008187844236754227 0.01556411351862208 -4.208625398744715 -2.3127581841317237 1.2982987258677308 3.1446205398955973 85.51914903187742 89.61438584091199 
0 0.5838643375133548 0.5242347617015821 0.025603717832479833 0.013241159972805061 14.58173468960679 19.323813354139332 1.7798367596007743 3.110219112343627 69.92561404024812 71.90088590699058 
0 0.04095234714280985 0.898958528095356 0.6381078403680753 0.632158062254715 -4.497981259344726 -2.485368775216614 0.6725850987946411 2.121994139096542 2.015044049460627 6.225342678447873 
0 0.03488330755434243 0.5301828618086488 0.0658531519505718 0.028236853478567414 -60.155904062504135 -57.877492106398336 1.0062302593582568 2.7439205601822696 42.2612602437886 46.91454044614818 
0 0.7236378943327437 0.526120783630824 0.03901645650129326 0.01706813231481652 35.4914644604043 40.85060903190278 1.4984441517103488 2.9415150698486383 58.81744094575976 60.87453994721276 
0 0.6450287397604393 0.5225832429479347 0.02750566392851983 0.01682032807472611 26.640965373066905 32.28432273730891 1.4203687754074918 3.118505901276896 69.09806682460072 73.13652616710208 
0 0.42474335407690944 0.5254413385796257 0.03137764210019778 0.01854556986337852 -15.44194822808737 -10.324458207337244 1.3866348381702092 2.9550961256186854 58.98633635228887 61.38172935690066 
0 0.8089704129347788 0.5252626870423547 0.0397628770376538 0.01894379832157278 50.29273993000395 55.27401751867576 1.3424976564249107 2.9501757458261775 58.845611972398615 60.90793574140172 
0 0.3596719313021893 0.6192704505118534 0.14759206176840134 0.15695653177827407 -4.6245828178522 -2.367916233653119 0.6519517117373046 2.206996143523964 7.548936814337573 12.474765759932545 
4 0.5741165099149219 0.5310453939157769 0.005175863891557442 0.041716779811247995 6.461970591432674 6.842023577778605 0.45475204410472525 2.320324748079936 31.225114891403834 31.632844114905524 
