0 0.6147119691294787 0.519836053507181 0.02609611187092864 0.018755143012084252 20.715959865905774 25.322182600260177 1.0402069733102082 2.920370301124487 69.38631898944028 71.34615537465872 
0 0.4868195081001381 0.5164585132937412 0.008223064055312646 0.01562408851667596 -4.207891467317353 -2.3119513855689604 1.1011779855853572 2.955686349159033 85.1745609051816 89.27271963696431 
0 0.584275528304038 0.5227798929038963 0.02573585194301098 0.013306733077789956 14.582364724416749 19.324467919573053 1.6231487412724137 2.949853278069475 69.58417915531153 71.5567172918189 
0 -0.04264962193714164 0.9709402562742093 0.7888061951508263 0.7714300662707991 -4.4980186362469965 -2.4853216433448324 0.6600987117920414 2.100769115352155 1.671755297847909 5.879274088270563 
0 0.031256707179788366 0.5288322947805371 0.06670933432466232 0.02846819926358435 -60.155523109331995 -57.87710103671694 0.9105308307667022 2.6386490533656835 41.91970689276724 46.56958423364104 
0 0.7277240437282515 0.5246714178757499 0.03936290721106028 0.017168703366692628 35.96631898226842 41.327357851977865 1.3644781983383636 2.8034641530742173 58.474545059422965 60.53363901574953 
0 0.6457349644083639 0.521117086181661 0.027631028613070763 0.01690283170612461 26.641576780268252 32.28498819997928 1.2652745149850149 2.9548736591481433 68.75646837602672 72.79155108998202 
0 0.42696000722682614 0.5240037328494251 0.03145648544567958 0.018645786854965762 -14.99245703593212 -9.874825982952188 1.2536822673366703 2.8182927220421843 58.6596400114851 61.05234564613095 
0 0.813515897788001 0.5238030008436421 0.04013383634322931 0.01905433854953531 50.761837961002 55.74312106413892 1.2079800076314815 2.8115612710449236 58.50355548242233 60.5624717931253 
0 0.3536341731227828 0.6223921648807671 0.15586995182994057 0.16485717860373506 -4.624570826658299 -2.36780992835898 0.6277763547531046 2.1725847284159823 7.205791387867961 12.12866355752923 
4 0.5753745424733083 0.5298171445697428 0.005269424171518877 0.042412392554991074 6.464026145942739 6.844135721899164 0.3780408319936286 2.242897876338948 30.712246164272415 31.116056897428685 
