0 0.6153326861818771 0.5162592766729106 0.026241909029453225 0.018862283981355366 20.715402441759892 25.322030608220885 0.6762768534292645 2.547825497131191 69.01124012822373 70.96185211764563 
0 0.5806391299931248 0.5171025941000285 0.026272884999668622 0.016174327350316653 14.421782241930615 19.46726003419967 0.9462416200129999 2.631144511272532 72.64734136342503 74.83095657060613 
0 0.584728493532545 0.5192324909652559 0.02588010267252394 0.013385921279420288 14.581933666508519 19.324322699632972 1.2592625112664835 2.5778650220992567 69.20922345817252 71.1753333164606 
0 -0.18412817205537205 1.0921066261225663 1.050885480582804 1.0116127856422463 -4.498423179158408 -2.4854252121321565 0.6424585926609034 2.0625899540216874 1.2931967876346135 5.49397833779129 
0 0.027165872590204622 0.5255921067597518 0.06763124149404341 0.028747240173900956 -60.15601418072413 -57.87722398973244 0.7027422955681579 2.4083759670551608 41.543181160736154 46.184930663942694 
0 0.7319903262599927 0.5210712159687279 0.03972888799394614 0.017286654233101273 36.44031435553519 41.80327968014767 1.0515462703927614 2.481659786603702 58.098691619255135 60.15514370387199 
0 0.646517145451811 0.5175344026724116 0.027762999409004063 0.01699654845762777 26.641070941192993 32.28483838531038 0.9040294008145584 2.5727179890842544 68.38144563804521 72.40851594885466 
0 0.429199481101721 0.5205283405432725 0.03155295025363686 0.018764924661118787 -14.536222005916017 -9.418562584384034 0.9500530644119796 2.506289147233099 58.29933580530156 60.684040985404174 
0 0.8183001107858867 0.5201596683188203 0.040519249956742276 0.01918223831664101 51.229888550059755 56.21156870898166 0.8917907945999504 2.4862989168328933 58.1281449143066 60.17910171483661 
0 0.34629696314551706 0.6243052897819414 0.1660212675940635 0.17441900550739164 -4.625001681435322 -2.3679194958322114 0.5823071647690088 2.1030439946134947 6.827477379313272 11.743172999874488 
4 0.5767633702923527 0.5264870688741163 0.005364558739343939 0.04318245024750289 6.46530608449001 6.845823674255257 0.2110426536119756 2.074217087205636 30.164326241484297 30.55881449039512 
