0 0.6160198691119564 0.5150117050851992 0.026403276246911966 0.018989941429354285 20.716367828768085 25.32343818897445 0.5441185794066346 2.412754841118197 68.6026195999059 70.5495089823306 
0 0.5852317668124163 0.5179586194781441 0.02603766429708676 0.013435750166420402 14.583247824071904 19.324965037643608 1.1237391579772185 2.4369252833407007 68.80077140180406 70.76419439721187 
0 -0.4677761995125398 1.3441420167484135 1.592561898627023 1.507304724173647 -4.497452035744374 -2.4851397264758077 0.6316959689837558 2.0421569177099896 0.8839590354673135 5.081986123786834 
0 0.02268733607946516 0.5236318093052389 0.06871982061810822 0.028937028879816307 -60.15463023159646 -57.876701281954865 0.5710357747049835 2.266351700563657 41.13512437196833 45.773502684856325 
0 0.7364451299986019 0.5200233825487975 0.04013589740883461 0.01737618822210485 36.91626672771494 42.279748232433604 0.9549022989847067 2.377937678711761 57.69003556477325 59.74726365996392 
0 0.6473812150997764 0.5163376077527877 0.02791143718355682 0.017081577847138374 26.642734789341333 32.285378817534095 0.7767519764608215 2.4400073341694917 67.9728284018451 71.99655936738617 
0 0.4314673572879586 0.5190522361426311 0.03167538979894868 0.018838695648761283 -14.07224543520266 -8.95638452518591 0.8177947733432831 2.366159964510907 57.90662260600959 60.28678230294649 
0 0.8233267905038395 0.5192266516716271 0.04095466625533606 0.019291380247866363 51.6999998816714 56.680601756267336 0.8054154849453345 2.3923665377567294 57.71912857853819 59.76693117235806 
0 0.33750243393692875 0.6295204283279047 0.17853836427262823 0.18618569439202348 -4.623939682656385 -2.367579591183784 0.5602783747710587 2.0697438045210452 6.418297996075722 11.33105747289585 
4 0.578295934985428 0.5254807058904291 0.005463998089052846 0.04402228619138859 6.468686408144521 6.848282036718615 0.14665121568640016 2.0089537973216434 29.585042646253264 29.975724001646327 
