0 0.6167375442971642 0.5142279973235029 0.026580621014205885 0.019132843886701 20.714058416975703 25.321883486459356 0.45762262838195955 2.3257468609498844 68.17096955267027 70.11528078695594 
0 0.5857540923684474 0.5171596684358029 0.0262091104520491 0.013528176924294422 14.580863257086179 19.323209186769915 1.0343014721472206 2.3469728516930726 68.36884164248767 70.33069297256809 
0 -1.306753163475272 2.1086523064111415 3.2384126419683925 3.0234518284412477 -4.497665808729948 -2.484873938897181 0.6237574512333142 2.0295893602379307 0.4510528132911986 4.647217891314298 
0 0.01781572802524223 0.5224358415786137 0.06992171194785507 0.029205869985230448 -60.15622336638813 -57.877418461832804 0.48533738389957515 2.1755077984161613 40.700804158033 45.33707222359441 
0 0.7410360676597774 0.5193916351738159 0.04057335447842447 0.0175376716772655 37.38882207418199 42.7542767476217 0.890252616065381 2.312958255416719 57.259282837264536 59.318240562183064 
0 0.6482874579378068 0.5155902593202927 0.02807449861893907 0.01718017639221303 26.641094055973227 32.28301656518079 0.6940676507609698 2.353777507994721 67.54126018643862 71.562966614094 
0 0.4337454898999554 0.5181418055891442 0.03181668643131347 0.01893746038572608 -13.607327864909024 -8.49326173105078 0.7322138443804367 2.2762298876671094 57.48958199707213 59.8653643503746 
0 0.8285282019330165 0.5186682737896828 0.041424488055649356 0.01942045758983213 52.16721857103518 57.14714103515719 0.7494187338323208 2.331484532223123 57.2882103861122 59.33415886927601 
0 0.3269427537433132 0.6367595085821534 0.19381485141471058 0.20055697946407136 -4.624321181656512 -2.3674617810160328 0.5449522901116799 2.048959238748571 5.985421146645734 10.89619124734002 
4 0.5799317037093739 0.5249985678879563 0.005582087251707724 0.04493743392672933 6.469516197701807 6.849941624884863 0.10474520635468831 1.9667218973377802 28.982374023872424 29.370606421745187 
