0 0.6175050846348753 0.5131044210840134 0.026771516763830494 0.019260453903091945 20.714015640443662 25.321878000884652 0.33972379294352395 2.2047265437026486 67.72139074227168 69.66257902918531 
0 0.48655316165976525 0.509396770714807 0.008393338765523228 0.01594070784952406 -4.209566896315437 -2.313147880840603 0.1782303524482982 2.0736636915057964 83.49246354789007 87.6042091639572 
0 0.5863158463760583 0.5160534159122696 0.026392667165888395 0.013619115550090322 14.58081445529406 19.32319497766254 0.9159403881305894 2.2254414690843487 67.91926628500042 69.87896063138308 
0 -445.47575344934637 714.9068297373213 891.5359066451131 1428.6028110573604 -4.497529801052167 -2.484717257662652 0.6190716120346722 2.0179470382534888 0.000982861712770955 4.19484025413076 
0 0.012669204042671783 0.521408223638876 0.07119232071842921 0.029531117044492405 -60.156204939216565 -57.87734972208162 0.4117546341023355 2.0942088196498676 40.25076848418226 44.88427257317399 
0 0.7457836380957465 0.518325405273189 0.04103740081871876 0.01767687465518275 37.86347448662623 43.23011282126441 0.7913340831481748 2.2107663148698316 56.81069228748906 58.870381801124125 
0 0.6492545484098001 0.5144775209489885 0.028249416092479773 0.01729448636595099 26.641084735461988 32.28296948309344 0.5773840438754614 2.2304624093400647 67.0917144271719 71.11070826784812 
0 0.4360594503163972 0.517048287628896 0.03196612797052034 0.01907062895808076 -13.138869228324467 -8.026244585670582 0.6314157200975583 2.172333019154958 57.055644995333836 59.42540043704875 
0 0.8339269284221593 0.5176014237613138 0.04192295726067041 0.019573618682436122 52.635799240970556 57.61569377170632 0.6509185946048273 2.229445934470928 56.838730210204254 58.882055987104685 
0 0.3143455710432027 0.6455612250339785 0.2124125582134912 0.21797783908751756 -4.624199592588752 -2.36731921853783 0.5309580204705331 2.02682479050678 5.535370822845444 10.44367744890959 
4 0.5816960988405857 0.5242399544308491 0.005717659253516194 0.045919787417769364 6.471432663144469 6.851901674213934 0.05185982787858201 1.9132196183814287 28.362217903499513 28.747328608002135 
