0 0.618305047074141 0.5121231893807603 0.026975623559978956 0.01937000188800697 20.71449723865618 25.321600805799477 0.23763062444342387 2.0981317386938687 67.2591753713125 69.19789873805871 
0 0.4864797807079929 0.5084938071069862 0.008445231044426238 0.016022810441723823 -4.209052503355224 -2.3134012496863647 0.05995576634283939 1.9598540638208635 83.0280570840269 87.1415970892563 
0 0.582609603930598 0.5129249434774528 0.026989913557631917 0.0166119095316567 14.420312945081136 19.467018562393207 0.47865526216258747 2.1534203110567782 70.89530293990018 73.06883386782181 
0 0.5869021342573668 0.5151238509545879 0.02658750552557876 0.013702851792223525 14.581319057260629 19.323146610629635 0.8161332374192047 2.121056805876733 67.45713626749065 69.41506588612711 
0 2.038049972736064 -0.8608770985427168 3.91732037499303 3.4787509896383306 -4.4974775992419325 -2.485215064749923 0.6184591116103271 2.010871246293315 -0.46113097620792587 3.7308802838960062 
0 0.007274206217658282 0.5210749827440637 0.0725371639931571 0.02991458422066051 -60.155876618909616 -57.87774498196927 0.38024050366406614 2.055563824878813 39.788905560790724 44.42017350143973 
0 0.7506606599971817 0.5172919351290504 0.04152842409289659 0.01779100866100325 38.338688586048605 43.70566445809146 0.6967993723176882 2.1113115963519635 56.34978384953251 58.41009451575418 
0 0.6502625012501984 0.5134795507303818 0.02843656185177912 0.01742426782491735 26.640903603701744 32.283467835431765 0.47196447044777634 2.120726006032816 66.6295100182314 70.64629641327981 
0 0.43840113060363406 0.5162586543217913 0.03212322090636699 0.0192397282254414 -12.669489127637718 -7.558229811418471 0.5565507324683727 2.09476473933487 56.60930118371848 58.97252706465352 
0 0.8394855330204387 0.516487162371023 0.04245047335852514 0.019749744441497685 53.104124887834445 58.084727599882214 0.5481378618538466 2.1260278816610314 56.376365597138474 58.417780106811406 
0 0.29922365498651615 0.6568815389744966 0.23522121511126842 0.23926364340734974 -4.624112985669285 -2.367817583589101 0.5229491910262651 2.011324474916974 5.073119489805919 9.979463812543607 
4 0.5835708906611228 0.5236927137576161 0.005874952370860109 0.0469670231934487 6.473433465185764 6.853125424256717 0.008285822186946845 1.8689875100996884 27.729770405186457 28.112381823226336 
