0 0.6191265751558684 0.5115990599186004 0.027186002702504153 0.019496891456013743 20.714498286864952 25.32128868532513 0.17983472743746476 2.0380461258199833 66.78954018752906 68.72680792178701 
0 0.48640318852795567 0.5079815403637152 0.008496971206877202 0.01611093904158384 -4.209105438830676 -2.3137181151517154 -0.009138599628256472 1.8935002654359143 82.5570440663356 86.67162333621036 
0 0.5831537497300359 0.5124147181690409 0.027183733904454388 0.016713766808456265 14.420317255923251 19.466752123571652 0.41907077035796925 2.091286743714461 70.42568129975513 72.59795916442049 
0 0.5875039559394128 0.5146309902309183 0.026787489570863188 0.013806890567155228 14.581283471659162 19.322972943844846 0.7591264450140305 2.0619079713727766 66.98751799501734 68.94442943959551 
0 1.1107115246393757 -0.04117455754588767 2.184928095933013 1.9480036486756234 -4.4975406949031935 -2.485420769145321 0.6179028806901439 2.0070708377985644 -0.9343437086737509 3.2566578542674165 
0 0.0016679075262082434 0.5209119595819426 0.07396223777022057 0.03029787310932619 -60.15592271153031 -57.8779813296527 0.3576308295497468 2.029043295103466 39.31923774684364 43.94920228045086 
0 0.7556462716531992 0.5167789150678733 0.0420380296004117 0.017946108781721648 38.8134656394363 44.181156595202765 0.6441579788652925 2.056989801219993 55.88187517809056 57.943090873133755 
0 0.6512981704299824 0.5129544220993485 0.028628920226637433 0.017552545944918285 26.64063201248169 32.283471478106705 0.4110694246181501 2.0609171323995312 66.15988837625255 70.17539402810903 
0 0.44076918322149383 0.5158381326803176 0.032294074675849826 0.019400070302920347 -12.200064002356186 -7.090732418910022 0.511933953564176 2.0490913131920285 56.155102613130836 58.511739263654775 
0 0.8451747827593133 0.5159364498631209 0.042998570533733904 0.01992298832324857 53.57238781465891 58.553329542024514 0.4925608352563462 2.0696812145707844 55.90674561543469 57.94711237205295 
0 0.28095567807894883 0.6712085726267754 0.26349209835475484 0.2654891410378276 -4.624160381641957 -2.3680251661260456 0.5181569742298622 2.002476603429477 4.603430420150929 9.508617581150546 
4 0.5855549030919134 0.5236184546887437 0.00603958216951439 0.048076328876017205 6.4752104289842976 6.854677998954145 -0.01624142709852716 1.844112273079679 27.08997899350841 27.47113122233789 
