0 0.47826890137264155 0.48285289327749337 0.012633039231771503 0.026849348101711856 -4.73620530473525 -2.5799786928760113 -2.6990872069059453 -0.30559510658224975 57.18475424687436 62.1182995569062 
0 0.8157546210687413 0.5295575672977908 0.0866373563899141 0.052892975991136404 20.716245206580027 25.32308139946292 0.11813959053410694 1.9748131987387392 24.68875799099431 26.624442666795368 
0 0.47720488980954023 0.4961028772536683 0.01727782879060913 0.029318086056686232 -4.564996921945806 -2.259341815896363 -1.475324975595602 0.7846188120188948 50.80980014542929 55.910840065114186 
0 0.4727186941886785 0.514988987657919 0.01822265095268316 0.032760575348001975 -4.207355298873267 -2.3120739036203304 -0.0883256710822502 1.8176734748447478 40.45479950276625 44.570465112284026 
0 0.7829298970369933 0.5302471015647976 0.08036221063477111 0.039105665462293104 20.88893894216278 25.916954392699765 0.4587631254445359 1.9956620300288437 28.02925588652758 30.179893486979896 
0 0.7030740474524813 0.5290756312749141 0.07479584322251831 0.04189312607873941 14.422068453724734 19.46853979520455 0.3538145796021077 2.0249044482175744 28.32473482409979 30.496015379443925 
0 0.7309154223845656 0.537204647641 0.08055413626231145 0.03802968482466074 14.58306252920292 19.324719469084187 0.6971801711434136 1.9982809233422918 24.88676483091536 26.842560615717737 
0 0.47554219295418004 0.5062025012336636 0.015840772138835058 0.028532044180126392 -4.259504466104573 -2.3528642495471104 -0.5719414925915596 1.3506246705935352 46.02665705871479 49.84222038659213 
0 0.8956261097237782 0.5334108144952261 0.07336041456161091 0.04914221772647853 26.642418487313563 32.28521924528549 0.34840442030394514 1.9982613013280235 24.05911921228165 28.073222348984235 
0 0.5789628000917142 0.5590336949692508 0.12598759710494933 0.07938521784943697 0.7428395334991365 5.779797833999055 0.4516426169706673 2.0006845079054516 14.189077566455758 16.351468577096362 
0 0.48132286883550857 0.4618780414197534 0.010988294387558939 0.024708194178772402 -4.847157156344878 -2.5511495427993225 -5.227379229370105 -2.490425209681603 67.32408582384812 72.86451096968719 
4 0.6550007133854832 0.5378914406872443 0.009820837433503482 0.06787169523953218 8.396682353098086 8.776787569660527 0.11064492960731531 1.970673252474389 19.21081073414173 19.591054482087202 
