0 0.4780970461493839 0.48272238881184515 0.012745887269028366 0.027049445757044377 -4.736186445410283 -2.579940425018549 -2.699112554383156 -0.30561843951763223 56.72261111937631 61.65616391502853 
0 0.8215853939839706 0.5301181831925329 0.08867428359994323 0.05390616038118412 20.716272909177064 25.32310910205996 0.1181049966135641 1.9747786048181963 24.226664397566026 26.16234907336708 
0 0.4770018899760267 0.4960739709421984 0.01744798549158144 0.029571640208972072 -4.564961012196875 -2.2593212274144605 -1.4753532864466326 0.7845871168585141 50.347683728528565 55.4487166230024 
0 0.4724135635314702 0.5151617957572056 0.01845246502373321 0.03313652265065059 -4.2073275962762295 -2.3120462010232927 -0.08836026500279304 1.817638880924205 39.992705909337964 44.10837151885573 
0 0.7875237915696133 0.5307467841664048 0.08198677325670056 0.039774082196367466 20.88896664475982 25.916982095296802 0.45872853152399307 1.9956274361083008 27.56716229309929 29.717799893551607 
0 0.7063424159589302 0.5295518780785994 0.0762305171719303 0.042596926000181945 14.422096156321771 19.468567497801587 0.3537799856815649 2.0248698542970316 27.8626412306715 30.033921786015636 
0 0.7351483040629423 0.5378948155677136 0.08232503818623971 0.03877461346328337 14.583090231799957 19.324747171681224 0.6971455772228707 1.998246329421749 24.424671237487072 26.380467022289448 
0 0.47530078248977237 0.5062675587777778 0.016013982126174164 0.028814532452175246 -4.259485718343996 -2.352856496738184 -0.5719733465317283 1.3505928165647816 45.56454114216602 49.38009924665933 
0 0.9027646127641324 0.5340515536963623 0.0746397610242523 0.05012957208533764 26.6424461899106 32.28524694788253 0.3483698263834023 1.9982267074074807 23.597025618853365 27.611128755555946 
0 0.5857524502888918 0.5609808146838279 0.13085851276553695 0.08211924142036597 0.9184831969576805 5.954486754415655 0.45195178624427546 2.0003071667910017 13.725616882812968 15.886206315210117 
0 0.48116347056016145 0.4620530839612805 0.011108120134331934 0.024980050387299002 -4.844184761060262 -2.5430828495834987 -5.171447455148796 -2.434117668778759 66.60200064923006 72.14424408463505 
4 0.6023109496962558 0.5184895530574458 0.005602714898010119 0.03865904359427952 9.677072221075775 10.14878635217309 -0.04041352386110586 1.8196217059173692 33.689035976754866 34.16088863897485 
4 0.6576750221081906 0.5385689447255784 0.010070763747660805 0.06909051861185411 8.391757348626896 8.774330225930242 0.11061959819975042 1.9706481067819337 18.87243008725763 19.255141495937007 
