0 0.4779224442499509 0.4825898786266988 0.01286073927647663 0.027252504507715936 -4.736166598465644 -2.5799019438009907 -2.6991363964647266 -0.30564393775193066 56.26045891592612 61.194019151356464 
0 0.8276359514560264 0.5307005292689813 0.09080454541168881 0.05495891831429056 20.716300734177196 25.32313692706009 0.11807040226470056 1.9747440104693328 23.764565083401195 25.70024975920225 
0 0.4767952300266491 0.49604464466318016 0.017621519374906525 0.029829621298527065 -4.564926972456078 -2.2592988676883294 -1.4753819761184417 0.7845545852767102 49.885564650254885 54.98659217514298 
0 0.47210150762581193 0.5153386498535972 0.01868806711133164 0.03352120632583627 -4.207299771276098 -2.312018376023161 -0.08839485935165659 1.8176042865753415 39.53060659517314 43.6462722046909 
0 0.7922695727384272 0.5312633033036405 0.08367565568782598 0.04046571305272373 20.88899446975995 25.917009920296934 0.4586939371751295 1.9955928417594373 27.105062978934463 29.25570057938678 
0 0.7097178861558509 0.5300440315693125 0.0777197687717962 0.04332475863064644 14.422123981321903 19.46859532280172 0.35374539133270133 2.0248352599481683 27.400541916506672 29.57182247185081 
0 0.7395395153886313 0.5386111485726648 0.08417322244612846 0.039549206865201136 14.583118056800089 19.324774996681356 0.6971109828740072 1.9982117350728854 23.962571923322244 25.91836770812462 
0 0.4750546584425177 0.506334002259022 0.016190988799692108 0.029102665491151647 -4.259452934064058 -2.3528329074743226 -0.5720045680735435 1.350560619605469 45.102419529301166 48.917972987598276 
0 0.9101655408524619 0.5347174630502964 0.07596448080747065 0.05115725056938025 26.642474014910732 32.28527477288266 0.34833523203453876 1.998192113058617 23.134926304688534 27.149029441391118 
0 0.5935701568607687 0.5630627487764965 0.13619579994331787 0.08505493005669273 1.1174498500384118 6.152457807085199 0.45222580011247215 1.9999641713156788 13.261876650017411 15.420516008015213 
0 0.48099929743462194 0.462233282165369 0.011230580449128946 0.025258675160548694 -4.840781838203554 -2.5352253336171486 -5.115344918072079 -2.377617946267297 65.87916307878808 71.42301831818291 
4 0.6049530262286185 0.5187194693025828 0.005714418697061574 0.039141135003282645 9.806758194121585 10.284092336986006 -0.04044464062030784 1.8195910141926674 33.2740966457834 33.75156931975442 
4 0.6604842150997507 0.5392854663092315 0.010338744506786512 0.07037980802804589 8.385677420454599 8.77111210774629 0.11059375885432376 1.9706224828316847 18.52726082564756 18.912834044307168 
