0 0.4777449343715432 0.4824553390884817 0.012977655956047829 0.027458643875098776 -4.7361628757612095 -2.579877996215288 -2.6991591251235474 -0.3056676860295289 55.79830047197691 60.73186851835266 
0 0.8339187622491582 0.5313058947177376 0.09303447006902898 0.05605361451385005 20.716313426283023 25.323149619165918 0.11803580746893205 1.9747094156735643 23.302459722091477 25.238144397892533 
0 0.4765847074052916 0.49601490045964897 0.017798489466607614 0.03009219284940523 -4.564906151844298 -2.2592933849412873 -1.475411816359962 0.7845235751722999 49.42343976516254 54.52446058374574 
0 0.47178202925042945 0.5155196955427064 0.018929621966301713 0.03391493365743237 -4.207297601595542 -2.312025405343718 -0.08842930495467005 1.8175698405732743 39.06850306637933 43.18416434672963 
0 0.7971747202996153 0.5317975255731335 0.08543262882833091 0.041181787210851195 20.889007161865777 25.91702261240276 0.458659342379361 1.9955582469636688 26.642957617624745 28.793595218077062 
0 0.713205628998579 0.5305529030783087 0.07926669313172297 0.04407787549940412 14.42213667342773 19.468608014907545 0.3537107965369328 2.0248006651523998 26.938436555196954 29.10971711054109 
0 0.7440979057121925 0.5393551655085731 0.08610373118328596 0.04035526748872742 14.583130748905916 19.324787688787183 0.6970763880782387 1.998177140277117 23.500466562012527 25.456262346814903 
0 0.4748034514624199 0.5064018741785569 0.016371914839900192 0.029396629638717087 -4.259434755893807 -2.35282492606089 -0.5720357912961949 1.3505284236167385 44.64029212337666 48.455840460315855 
0 0.9178434249977441 0.5354100595159725 0.07733703026383398 0.05222776636684878 26.64248670701656 32.285287464988485 0.34830063723877025 1.9981575182628486 22.672820943378817 26.6869240800814 
0 0.6025048713089958 0.5652943025152193 0.1420613143517524 0.08821906495763443 1.3390353748963832 6.3730464022706315 0.4524263540295008 1.9996945444814356 12.797836840628019 14.954406321484088 
0 0.4808284032839453 0.46241831086177937 0.011355798098152126 0.025543404661688807 -4.836986226134741 -2.527915797453943 -5.059095239374777 -2.321026817057119 65.15593142134867 70.70106979219972 
4 0.607652037592435 0.5189538478931536 0.0058182933908227374 0.03963258309180406 9.936966075305463 10.418038293552172 -0.04047558161075049 1.8195603560569942 32.86149440040923 33.342705149751815 
4 0.6635174745230112 0.5400362143192843 0.010566463790313563 0.0717283504594709 8.386009531200585 8.768432625602927 0.11056770091410639 1.9705961982233178 18.179173694600284 18.561735320379057 
