0 0.47756463639880775 0.4823186872384953 0.013096675247415979 0.027667907633432187 -4.736143187766487 -2.579838834459707 -2.6991830173039357 -0.30569361350684443 55.33614417764422 60.26972022698998 
0 0.8404478231992007 0.5319356608261703 0.09537096713753657 0.0571927842294947 20.716341332885264 25.32317752576816 0.11800121283452136 1.9746748210391536 22.84035659410229 24.776041269903345 
0 0.47637042375505995 0.4959847224456262 0.01797901179846695 0.03035943759993942 -4.564870671862934 -2.2592720303793214 -1.475442014331869 0.7844922072945972 48.961313012622625 54.062327698787904 
0 0.471455395842048 0.5157050766110407 0.019177463513284587 0.034318022611341314 -4.2072696949933 -2.3119974987414764 -0.08846389958908074 1.8175352459388636 38.60639993839014 42.72206121874044 
0 0.8022477177195534 0.5323503676525994 0.08726176724881185 0.04192360798790984 20.88903506846802 25.917050519005002 0.4586247477449503 1.995523652329258 26.180854489635557 28.331492090087874 
0 0.7168116789174171 0.5310793501266571 0.08087463462112421 0.044857601701096095 14.422164580029971 19.468635921509787 0.35367620190252214 2.024766070517989 26.476333427207766 28.647613982551903 
0 0.7488335902338839 0.540128490545494 0.08812205990505306 0.041194730422231096 14.583158655508157 19.324815595389424 0.697041793443828 1.9981425456427062 23.03836343402334 24.994159218825715 
0 0.474547241288668 0.5064712186801076 0.01655689005835087 0.029696597350945486 -4.259402453993715 -2.352800820990126 -0.5720670733432793 1.3504961677812517 44.178168349759495 47.99371251514624 
0 0.9258144137794606 0.5361309710175611 0.07876001468570637 0.053343824039111754 26.6425146136188 32.28531537159073 0.34826604260435956 1.998122923628438 22.21071781538963 26.224820952092212 
0 0.6126668173261112 0.5676922125082217 0.1485279557097171 0.09163678531115615 1.5828744047012435 6.615862535376181 0.4525666181660397 1.99948533173676 12.333502199369608 14.48783611430482 
0 0.48065355520862685 0.46260803948597806 0.011484144187026202 0.02583515310127782 -4.832976898057041 -2.5205871207809025 -5.002787200115906 -2.2643423584311613 64.4324104515795 69.97873276143531 
4 0.666592495422839 0.5408110924708907 0.010843803622592962 0.07312215307289915 8.382316802909486 8.765967262955712 0.11054179610217552 1.9705703857869104 17.83313359386326 18.21692258528247 
