0 0.47738240145031446 0.481949853647599 0.013217031240164268 0.027878496712004208 -4.736186770862844 -2.5798607283531965 -2.7188200745538977 -0.32394278779283336 54.87743226099308 59.81115270829143 
0 0.847172764748207 0.5323434546805614 0.09780681755375442 0.058365540884836364 20.71632113704686 25.32315657243072 0.10976953612265516 1.9667523312438688 22.38244606186967 24.318425403672162 
0 0.47615359780255584 0.49572237365059124 0.018161758230863245 0.030628511003633008 -4.564893285670166 -2.2593105173526737 -1.4931171067588092 0.7682941909973569 48.50296813119326 53.60418714741638 
0 0.47112368035810226 0.5156590323367068 0.019429744790002756 0.03472573583640015 -4.207295850903762 -2.3120251286735254 -0.10255418967316254 1.8046859604813577 38.14835720508715 42.26443979976758 
0 0.8074451749264759 0.5326780757614407 0.08914322417142406 0.042683327199529164 20.88901283745595 25.917029024252955 0.4497882390981829 1.9859995493287657 25.7233933825373 27.873542388791428 
0 0.7205058214942655 0.5313799800687551 0.08253515328108707 0.045655768851570966 14.422142217702344 19.468614327505335 0.3440572298033222 2.015828995867925 26.018345353132048 28.19016215571788 
0 0.7537083028260088 0.540683770551597 0.09021569851366573 0.04205899641249511 14.583137652838374 19.3247953044592 0.6887140727494185 1.9901831590644272 22.580573634199794 24.536610831224788 
0 0.4742876384804592 0.5063085324997337 0.016744555387092797 0.02999924106961166 -4.259425733126449 -2.3528346827441737 -0.5878218094959333 1.335847967625623 43.71999253820226 47.535870177545235 
0 0.9340142282036847 0.5366333635926421 0.08021246941403148 0.05449337355753425 26.642493902509926 32.28529463147335 0.3400310015084771 1.9899414478772153 21.75325897955808 25.766839353284443 
0 0.6241339794331424 0.5699945401252368 0.15561651503073004 0.09529395007553165 1.8484960960893773 6.880505691033818 0.4475989916749521 1.9949554809570655 11.872935823202665 14.02557263821286 
0 0.4804744608076459 0.4625738610175586 0.011614967198922632 0.026132023135431337 -4.828782996140973 -2.513468132533177 -4.9690071903247635 -2.228708956545541 63.71147631601536 69.25899632669103 
4 0.6695883028933839 0.5413177011766792 0.01110605303369927 0.07447583762495957 8.379482346867647 8.762976029527124 0.1042498889642891 1.9643439871329929 17.508774751501885 17.892723548982097 
