0 0.477206772087099 0.4806302627019926 0.013333585252481295 0.028080309942673354 -4.736187792227383 -2.57984096809065 -2.8186722879317117 -0.4166757990301184 54.441490927523404 59.37591203138213 
0 0.8537609900910309 0.531737605541486 0.1002507754557942 0.059505495714121115 20.716334045316245 25.323169113040393 0.06770656297580602 1.9278647665316229 21.94963370891965 23.888652957214674 
0 0.4759448822120991 0.49450183120913094 0.01833852744953901 0.030884816369502133 -4.564875730373615 -2.259307771562021 -1.5828776601534236 0.6861172256818411 48.068773329321694 53.17106229407176 
0 0.470803870378794 0.5146378553238868 0.019674941613149477 0.03511393553999487 -4.2072846567997715 -2.3120145108463532 -0.1738959818833028 1.7397116625129223 37.71565209505721 41.83389410387407 
0 0.81250825918539 0.5320008893047504 0.09101422613170662 0.043416486521395736 20.889025166564977 25.917041438054383 0.4027768415447899 1.9407333150006718 25.29172270982259 27.443209123823465 
0 0.7241045018789747 0.5306769281447459 0.08417877875052149 0.046426096479123546 14.422154508863827 19.468626707250678 0.2956678881719963 1.9709374512934588 25.585909866026654 27.760466835599132 
0 0.7584777010814183 0.5402225409063889 0.09229817309531374 0.042896901155549116 14.583150226548085 19.324808187637885 0.6462918881765425 1.950971273684766 22.148708125565783 24.106879063901115 
0 0.47403775810110416 0.5051800137471906 0.016926463774406708 0.030287509910662813 -4.259410859061404 -2.35282831297323 -0.6677216703234679 1.261629308745503 43.28668733194837 47.10429359182818 
0 0.9420296418918022 0.5361214752849721 0.08158885284726458 0.05560589069923827 26.642506531871348 32.2853073855009 0.29874609610297087 1.948928796361373 21.3235234626752 25.334406625497582 
0 0.6367718529150784 0.5712687803043903 0.16305751633058363 0.09898519909007508 2.1356451903398863 7.166719876839153 0.42255266047168916 1.9732368539315734 11.43771376503972 13.590726701703904 
0 0.48029810369270476 0.46160407610824883 0.011745583872158905 0.026428443966632242 -4.824372479282459 -2.5062698182272527 -5.027291517327996 -2.2787578222377753 63.01042303938037 68.55968169025333 
4 0.6725309244196733 0.5407734640786459 0.011368345290689974 0.07577354968780192 8.379984332124494 8.761074031576555 0.07250224619218049 1.93321845547181 17.2053630785947 17.589962046805805 
