0 0.47704620439130513 0.47864998000592285 0.013440366700061768 0.028263507817508804 -4.736214105426939 -2.579847290877524 -2.9734516249701706 -0.5603276808912108 54.04901032019811 58.98449831189971 
0 0.8598609252943797 0.5303781023698382 0.10256457064398172 0.06055348500320856 20.71632067095682 25.323155450858877 0.0034014554847441314 1.8685220087212546 21.56220296577844 23.50597164858103 
0 0.47575431912351385 0.4926089618596603 0.018500330873650606 0.031116200850034914 -4.564885609000754 -2.259331191446421 -1.721861016232049 0.5589965063084297 47.67905452573511 52.78299525718175 
0 0.47051160715483553 0.5129191028005792 0.01990035137365287 0.03546407710240357 -4.207300041703547 -2.312030425828226 -0.2840460479307956 1.6395213707399285 37.328304978795785 41.44990586173801 
0 0.8171722945132449 0.5305816647078478 0.09277680635631991 0.04408591405688378 20.889011106999206 25.91702759946557 0.32946060319607007 1.8726644243263082 24.905135174649267 27.060556691770486 
0 0.7274185312242722 0.5292343085794221 0.08571531946523081 0.047129566964564384 14.42214040496205 19.46861283399295 0.2214552933589009 1.902193037066437 25.199049948009222 27.377885359880132 
0 0.7628877267104168 0.5389971126563486 0.0942521988520314 0.04366521967153303 14.58313655791899 19.324794781687487 0.5814210493163141 1.8911193847306953 21.7627592733131 23.72426032490268 
0 0.4738096763937062 0.5033676896610387 0.01709326033810099 0.030547698276275737 -4.259421204111845 -2.352849102115755 -0.7912710367539828 1.1469665702181844 42.89838349896782 46.71867752578696 
0 0.949442284751855 0.534850138646459 0.0828664907896639 0.05662422986195792 26.642492955516076 32.285293828031456 0.2329419146192977 1.888976085795369 20.93710390694748 24.95136137861307 
0 0.6503854960279272 0.5716738547049048 0.17058274566027753 0.10250458274292384 2.443989448393779 7.474181116167728 0.38483663192484086 1.9408609921392963 11.047858504307063 13.202750846887657 
0 0.48013043861585025 0.4599930812298784 0.011871423313751961 0.026715775973566558 -4.8197748887848775 -2.499207229138875 -5.147790600466221 -2.3865981527388387 62.350944985636744 67.9022258651824 
4 0.6751165935337952 0.5394163006636188 0.011629110001146525 0.07690644253889034 8.380337370729322 8.759906214454588 0.023830310246696795 1.8855046090538785 16.946279398314815 17.334137710342116 
