0 0.4769064980682115 0.4768321348357437 0.013533468930211845 0.02842289426626954 -4.736228081431051 -2.5798411967742823 -3.1143412448332612 -0.6909835086378964 53.711804080207244 58.648245229637965 
0 0.8652626520233162 0.52910180379283 0.10463438391835833 0.06148108958002907 20.71631800455728 25.323152580029557 -0.0542152845033228 1.8154625308022148 21.2298378722641 23.17796778804738 
0 0.4755883495686638 0.4908667023469021 0.018641532965558316 0.031317483907747634 -4.564882900208772 -2.259341762426459 -1.8482153778697747 0.4435493074553303 47.34443051471834 52.44986171399616 
0 0.4702562354594967 0.5113276648046216 0.02009793784475905 0.03576962431582015 -4.207303569079755 -2.3120342627516948 -0.3838649603701816 1.5488600764108205 36.995926432323174 41.120595495336275 
0 0.8212845349644735 0.5292522164198278 0.09434340946961284 0.04467584829132365 20.889008150518094 25.91702466875809 0.2635463445543851 1.811571663944845 24.573527066720004 26.73255830639332 
0 0.7303399087714616 0.5278842299575532 0.0870787593999276 0.04774927832288023 14.422137429397281 19.46860988545312 0.1547166947191263 1.840478430481589 24.867189774178794 27.049950846755856 
0 0.7667910071860164 0.537839352045421 0.09599434700742837 0.044345220018892406 14.583133709954382 19.32479210298358 0.5232801662172912 1.8375914197807068 21.43175790330846 23.396312878598657 
0 0.47361078600664686 0.501695117974248 0.01723909197686896 0.030774341884383605 -4.259420694789952 -2.352856933076282 -0.9034213237000377 1.0429848887544366 42.565089584040976 46.38783593970733 
0 0.9559999730435748 0.533652429958201 0.08410775763356737 0.057525759105822916 26.64249013178234 32.28529108446354 0.17189144965301195 1.8374068908287189 20.605301555060496 24.623385024290513 
0 0.6647718959183375 0.5720193994435431 0.17795093757451141 0.1057310493477106 2.773234906319402 7.802589264538483 0.3517236967407793 1.9126495790617144 10.712645037845364 12.869191702837629 
0 0.47997677943972555 0.4585645753733484 0.01198901561782173 0.02698814141839634 -4.81496198639843 -2.492212426288063 -5.251204556993839 -2.478391368148411 61.747151369046996 67.30022579300251 
4 0.6208120149347494 0.5149750346549957 0.006258245841983201 0.04200981160986628 10.542266644847317 11.00865318405181 -0.27005893261745273 1.5930817597780638 30.990351330892025 31.469423615456588 
4 0.6771042658185737 0.5380954004515531 0.011900295123251192 0.07783161321467352 8.37326372069164 8.757095866481919 -0.02006327089792892 1.8425139113336757 16.739956640078102 17.136476454490065 
