0 0.47679071972985754 0.47562304741956807 0.013610571850427688 0.028555139208783664 -4.736256466009138 -2.579848878193019 -3.205259862599203 -0.7752119540069642 53.43570825829363 58.37276173867157 
0 0.8698242663079296 0.5283620997940258 0.10638229458090742 0.06226830008792755 20.71630433352054 25.323138619403792 -0.09062900530681106 1.782026906679616 20.957032114426895 22.90801076064166 
0 0.4754504156462137 0.4897212273553727 0.018758799986948016 0.03148545733888941 -4.564892594429182 -2.2593667145275447 -1.9296251713184156 0.36927411422420353 47.07005303731452 52.176440997553925 
0 0.470043000711002 0.5103106669601857 0.020262801204285585 0.036026314308557295 -4.207319798294606 -2.3120510884983787 -0.44790786753358924 1.4908067220894754 36.723060510520035 40.84972550907521 
0 0.8247453407620784 0.5284632155026467 0.09566140605194084 0.04517533518982786 20.888993604480092 25.91701046888717 0.2216994215155228 1.772876824530115 24.301206186951035 26.46259472496853 
0 0.7327976502173568 0.5270775737456364 0.08822542547741585 0.04827359872527659 14.422122827039402 19.468595644289238 0.11233012545003507 1.8013760957555967 24.594702163499043 26.780027304678818 
0 0.7700877765101727 0.5371992891610817 0.09746746692272534 0.04492344486422206 14.583119716934277 19.324778390595796 0.4865214796749373 1.8038485281108576 21.159842987679976 23.126391942913287 
0 0.47344511772969466 0.5006087403783342 0.017360417709891995 0.030964008776406537 -4.2594323367486595 -2.352879387702046 -0.9755348753593647 0.9762129907274254 42.29160210890269 46.11593974742583 
0 0.9615350570390898 0.5329791640162937 0.08514281988579708 0.058293907226551034 26.64247627059713 32.285277179265336 0.1332295311256657 1.8049469619565135 20.33286638277836 24.353442970293735 
0 0.6796877885450978 0.5727278251414887 0.18490576397497516 0.10856276948597221 3.1230718722621873 8.15163623291025 0.3314032140485692 1.895485034024109 10.436273616738134 12.59333996040261 
0 0.4798404064142663 0.45776503771462784 0.012096204846428094 0.027241891517824246 -4.81006729798915 -2.4852378386385965 -5.296513791215977 -2.5160435519659727 61.20600367921915 66.76046058521798 
4 0.6229412626975175 0.5139827691531383 0.006321714740915252 0.04234330327102076 10.647327217570776 11.10980029468243 -0.3195138325722473 1.544295022020637 30.743766147042948 31.22180247294458 
4 0.6784321589464846 0.5372353636631735 0.012059178896223322 0.07844957085147658 8.369191959865319 8.753413180884834 -0.048268938189139465 1.8148844892875393 16.60478729418187 17.004574508924552 
