0 0.6199660573683274 0.5113242164066887 0.02740249525581795 0.019633873582187933 20.714475517997258 25.321196643147402 0.1460406861672483 2.0031572528076476 66.31655024108441 68.25292979178869 
0 0.48632576258789045 0.5076826991656013 0.00854884718432991 0.016202639915502914 -4.209193701748546 -2.313756701689556 -0.05146357756940567 1.8529658179749426 82.08321244132085 86.19842488582658 
0 0.5881186586063684 0.5143793336206485 0.02699148646336358 0.013907823918277495 14.581213062451852 19.322951129122515 0.7252625484862258 2.0273439026746654 66.51453980119439 68.4708287015653 
0 0.769659113993753 0.26238883428817605 1.6762978688803627 1.4962505335730538 -4.4977248473714155 -2.4855464719510962 0.6169636932869837 2.005291793533127 -1.430963087817446 2.7597414270420373 
0 0.7607288743210254 0.5165497646455521 0.042562207728713886 0.01810247715848734 39.28828025699998 44.65670480736789 0.6146748209945907 2.0267382508513947 55.41084105915343 57.47319139484765 
0 0.6523557001657605 0.5126871195068143 0.0288251993912938 0.01768070737413463 26.640548919413447 32.28344927114131 0.37614492067073835 2.0262841773623723 65.68690658248177 69.70162894693367 
0 0.44316909179877695 0.5156210764523024 0.03246923207162983 0.019557667575184845 -11.730793362408463 -6.623854957447463 0.4843049089135574 2.020420106690396 55.69716778978969 58.04689710811469 
0 0.8509790789762881 0.5156942512661506 0.04356411358294687 0.020095695615645837 54.04085398227117 59.02189213788276 0.462541999102005 2.038860395400074 55.43379663709311 57.47349264760884 
0 0.2586324398074705 0.689144030820934 0.29896632376786353 0.29816586774888354 -4.624240637950635 -2.368049818797516 0.5150085539932423 1.9970628075695587 4.130430268861112 9.034910143565057 
4 0.5876458189364961 0.5238132911389501 0.0062127516534243865 0.04924570470750933 6.476962062175403 6.856499226365472 -0.030582907518311497 1.8296078276234786 26.446912181483988 26.827173834072497 
