0 0.4767001821787077 0.4750786961707073 0.013670786046702743 0.02865885971735671 -4.7362921974690835 -2.5798632599275777 -3.2426786115562605 -0.8097952926334233 53.22195195431608 58.1592657524586 
0 0.8734610194792951 0.5282104253761898 0.10776651249975011 0.06290084045457595 20.71629059685472 25.323124258055444 -0.10494550424784421 1.7689718659596039 20.74473279948949 22.696916648377584 
0 0.47534213586429197 0.48922803042307417 0.018850749913114473 0.0316182608695581 -4.564909208088892 -2.259396533633918 -1.9630150786311507 0.33890432821233474 46.85705068426502 51.96383767014723 
0 0.46987469244131086 0.5099226475047971 0.0203925957518043 0.036231128324784756 -4.2073390259002394 -2.3120715996691104 -0.4739395756408704 1.4673132749790885 36.51071657175935 40.63822437613952 
0 0.8274973825470624 0.5282667632074515 0.09670337922938221 0.04557635003777882 20.888977989815814 25.91699559461486 0.2050789576211587 1.7575918308613308 24.08910881694764 26.251496691920572 
0 0.7347512902404181 0.5268667285482375 0.08913242007339939 0.04869415120398091 14.422107091485472 19.468580681271135 0.09548082814883041 1.7859182021537672 24.382532089975502 26.56894423018456 
0 0.7727177792028984 0.5371265453874039 0.09863909104222257 0.045389552560110014 14.583105287033518 19.324764565219823 0.47205827146327595 1.790663026491778 20.947918280694577 22.915312582250834 
0 0.4733146967347586 0.5001636374643312 0.017455672211463935 0.031114585923652682 -4.259447924938854 -2.3529064910069337 -1.004986005530528 0.9490248002933395 42.07897707978334 45.90398322891519 
0 0.9659475118954943 0.532880298273975 0.0859491467117044 0.05891495077220088 26.64246212308555 32.28526294003561 0.11795976809841258 1.7923056430365003 20.12072525145528 24.142357135955553 
0 0.6948996389475623 0.5738080234383278 0.1912634235042303 0.11091157999245438 3.493197701873868 8.521009095635293 0.32398627153389037 1.8893222754192873 10.219616024489966 12.375939301403333 
0 0.47972252518035086 0.4576502260983699 0.012192013450387396 0.027475050211055063 -4.805015013092202 -2.478301625110305 -5.280217030789323 -2.496428661819569 60.72873781450629 66.28413242514381 
4 0.6251553069694076 0.5136138359339066 0.006352240566299017 0.0425962840594275 10.780139585044367 11.235171597736752 -0.3394872043110235 1.524547714789744 30.560089787341084 31.03190509475089 
4 0.6792949863434825 0.5369493795880724 0.012152582584886606 0.07885648677384516 8.36632336387025 8.75035420708501 -0.05983514630579245 1.8035584125885955 16.517689141738824 16.91850617646345 
