0 0.4766348016354428 0.4750439334862372 0.013714195872942925 0.02873409294485152 -4.736318818079411 -2.5798697602332368 -3.240051103474386 -0.8072584536080201 53.06865975892717 58.005973575690085 
0 0.8761381450208411 0.5284819805108443 0.10877413932995172 0.06337084061334025 20.71628328883763 25.323116337221535 -0.10306021076499072 1.7708172417916164 20.591454200142163 22.543598613232625 
0 0.47526358421967363 0.48923153494703187 0.01891733189263145 0.03171560742107066 -4.564916135791492 -2.259420197848158 -1.9605221867641425 0.34130052131571365 46.70376204195594 51.81052894527965 
0 0.4697518722406624 0.5100064336221205 0.02048699290652678 0.03638265997145984 -4.207351038571005 -2.3120847910045654 -0.4716839032355935 1.469488802356917 36.35743100619152 40.48491168396862 
0 0.8295196882730802 0.5285005697666516 0.09746183821541887 0.04587440658376385 20.888969075920173 25.916987249278122 0.20703696633368796 1.7595075731180971 23.935822514905148 26.098180389815695 
0 0.7361863342374311 0.5270896583888147 0.08979336897698431 0.0490063972514001 14.422098073918406 19.46857225704325 0.09744622129286284 1.787839564490026 24.22924610278747 26.415625483421252 
0 0.7746555738592542 0.5374557861192278 0.09949729844187905 0.045737212007703754 14.583097331957347 19.32475718236546 0.47394823493272087 1.7925127901302433 20.79462457735079 22.761993648671826 
0 0.4732197828843558 0.5002036235161578 0.017524775530260883 0.03122540053754297 -4.259456346526633 -2.3529249938723638 -1.0026193155775696 0.9513199648555757 41.92567723121208 45.75065732474144 
0 0.9691963543844092 0.5331905003410401 0.08652536180416726 0.05937974168199678 26.64245439535246 32.28525520260894 0.11987487943312147 1.7941379067101952 19.967442316069125 23.989042136543983 
0 0.7102039638753286 0.5750517717957033 0.19684730306596543 0.11271180786069401 3.88337439594153 8.910466985060523 0.3257805796770765 1.8909334128989186 10.06126465673811 12.215905736571258 
0 0.4796233341757231 0.45806442347841103 0.012276469667140966 0.027687611735427553 -4.799809495047612 -2.4713728255222804 -5.218157018108885 -2.434334171418952 60.312946581788594 65.86894159391247 
4 0.6270511815925502 0.5137136035597617 0.006361877753550571 0.04277674436787954 10.90244424689054 11.349936424753835 -0.33758007573833515 1.526377809207808 30.431130049141196 30.895367290498157 
4 0.6785664868854011 0.5369209144718551 0.012279931748055417 0.07878318317039801 8.335606244862689 8.737388998787466 -0.0597575349476438 1.8037884027744937 16.533946766862417 16.952476440615328 
