0 0.4765644648975301 0.4746596386983506 0.013748400506351066 0.02879305709449881 -4.7394633949169815 -2.582740527386136 -3.2673099340569447 -0.8324418834565652 52.948605878379816 57.88621318585724 
0 0.8781895974912902 0.5283117087387308 0.10956699877072329 0.06372875845944076 20.715133149413546 25.321853037494634 -0.11369885803670754 1.761063415842148 20.474097717441254 22.42687732317687 
0 0.4751831358593295 0.4888758655001969 0.01896966113473164 0.031790633303645455 -4.567445846227571 -2.262231810329297 -1.9848470066448398 0.3191558945310884 46.58441772095672 51.6913523818624 
0 0.4696368695736912 0.5097097990250117 0.020561304387517187 0.03649860911312186 -4.209348841122619 -2.314305488116929 -0.4906670930488961 1.452336953155657 36.2385936016516 40.36658778950746 
0 0.8310605328768483 0.5283059474687737 0.09805438112335396 0.04610228649426773 20.887533518903652 25.915649260013097 0.19472205769404272 1.748128439343604 23.818381577957286 25.981725752534704 
0 0.7372775143418994 0.5268882581152885 0.09031023023992257 0.049243546707217756 14.420644084090227 19.467220093457286 0.08500955623423656 1.776379330759071 24.111414279530468 26.298844896988996 
0 0.7761368678742726 0.537332748444475 0.10016796640723225 0.046004069416822335 14.58182927430029 19.323593798731125 0.46321257257699444 1.7827380916578262 20.676980693846907 22.645208965373655 
0 0.47312666664360314 0.4998749592527167 0.017579136653177785 0.031310560674839505 -4.2617320163736 -2.3554102996158974 -1.0240840416313384 0.9314872671828346 41.80659903199974 45.63196531220673 
0 0.9716797773798351 0.5330490005294883 0.08698003920584918 0.05973184823437783 26.641225966137142 32.28402874471058 0.10846906400332612 1.78466993291184 19.850313661635198 23.872887106270426 
0 0.7396567795052846 0.5756861943651868 0.20476348226655527 0.11415828661123684 4.719532962022129 9.745297833281768 0.32071916844929316 1.8860327649207835 9.931625097736775 12.084435962995151 
0 0.47946528581804493 0.45863870846367405 0.012410318374599716 0.02804757205095576 -4.79257094544576 -2.4608040507991404 -5.130161908731297 -2.343752204159072 59.666204156221 65.22357962252045 
4 0.6297338778331032 0.5134115945320599 0.006368764532374782 0.04289226756517739 11.109440207313668 11.548702106510675 -0.3524040531416366 1.511683095083464 30.34840790242737 30.805290002565076 
4 0.6751228299047016 0.5360099345819206 0.012209738578481177 0.07780631938253713 8.27034245237789 8.691219964316886 -0.07091355440562341 1.7929992876547163 16.741388052511873 17.179886591725175 
