0 0.6208183174858974 0.5111734703462585 0.027622712275428785 0.019775911498743026 20.71445056487967 25.32119973620034 0.12417753252953201 1.980741820468501 65.84310332060232 67.77888326583695 
0 0.486247639523897 0.507493076732415 0.008601048005754008 0.016296261981624982 -4.209192938208901 -2.3137763599332857 -0.08008622898288942 1.8256234860312905 81.60919359122272 85.72483235732477 
0 0.5887427214294425 0.5142486929130698 0.027198666425875095 0.014008067402832447 14.581207352127905 19.322925773453534 0.703295895856525 2.004713096604384 66.04109990068758 67.996969099543 
0 0.5501792412253096 0.45839694373583967 1.5103271561541634 1.3495329889810685 -4.4976562271748435 -2.4860740845593057 0.6160121494228836 2.0044780675175313 -1.9645671566310696 2.2259228609299413 
0 0.7658987214627723 0.5164606566476765 0.04309946940612308 0.018258779385940338 39.76323587671973 45.13220859127985 0.5966565690602028 2.0080142069279012 54.93956259355768 57.00299304053255 
0 0.653429113438807 0.5125474455684856 0.0290244557366498 0.01780973933974095 26.64054841156019 32.283424008879436 0.35398717829558723 2.0040948635720346 65.21346541907293 69.22765935307984 
0 0.445603189069389 0.5155107735233591 0.032647966073872714 0.019716392132690053 -11.262006951089546 -6.157794294539968 0.46483177325906966 2.0013200087358127 55.237842559093814 57.58106533197876 
0 0.8568835089641382 0.5156015001585263 0.04414344426636552 0.020269188808346716 54.50935582338006 59.49047896083884 0.44474265078642716 2.02035196917575 54.960363134378106 56.99983619123604 
0 0.23086513031962252 0.7117897330993256 0.34431918176380083 0.33963494895025637 -4.624238691783802 -2.3680707492870283 0.5128775020517664 1.9933146381875722 3.656982240586906 8.56098431668908 
4 0.5898422892957405 0.5241568997129092 0.006395612177736321 0.05047366442726614 6.478837617929656 6.858346517785179 -0.0398033758775822 1.8202618730911722 25.803420628016603 26.183081671616428 
