0 0.6243171942107228 0.5112008455560213 0.02852727447259007 0.020359381254889675 20.714483400260235 25.321323054227236 0.09610871432327284 1.9532018962581226 63.96636347952092 65.90243620702574 
0 0.48592981460028983 0.5073592874991846 0.008814013873942594 0.016678602237473028 -4.20907974136793 -2.313708212173424 -0.11718825173829184 1.7902553521735596 79.73224968890268 83.84844424175263 
0 0.5865817357383512 0.5120226231521086 0.02841021526412324 0.017416294465591342 14.42030301291571 19.46677970153 0.33018395715068416 2.0020771856090382 67.60227196756243 69.77417520205117 
0 0.5913053874443408 0.5143592212757208 0.028054196265974385 0.014421242662248535 14.581302632326981 19.322957441079126 0.6750385190897168 1.9765954832738188 64.16451785535244 66.12062256075829 
0 0.7873836523323943 0.5167462321397438 0.04537250425950312 0.018906322002156473 41.663788171051095 47.03370939711894 0.5743094014878236 1.9858422827031317 53.073401757057674 55.13984108341075 
0 0.6578350753197215 0.512619451936078 0.029845098417243587 0.018341674680293463 26.64065993301533 32.283456501162334 0.3264236816053425 1.9763283603685675 63.33727247826534 67.35077019725101 
0 0.455722659055828 0.5157181214713444 0.03338913195494536 0.020386913794559702 -9.391825764175081 -4.300423626637723 0.43965237468839913 1.9766218113549159 53.413096859934576 55.72353582850636 
0 0.8814088839165072 0.5158703059996719 0.04658993867170169 0.020990243865594227 56.38357682528948 61.364874966631874 0.4231615869795202 1.9988280620973427 53.08401086166305 55.12431535949808 
0 -0.013866360587089455 0.9180341257460798 0.7792539146021972 0.729480743871224 -4.624148214846684 -2.368051144714997 0.5087373492060938 1.9907908054334333 1.780223163440624 6.684748259518599 
4 0.5997578043324061 0.5264818493135941 0.0072505482559316325 0.056023374109309965 6.486346936057458 6.865773283537024 -0.05090165751056497 1.8092098372671936 23.246653401126657 23.62662654489614 
