0 0.6252137578470364 0.5113216232849411 0.02875938498472963 0.020508477064750563 20.714451263823122 25.321290018512286 0.09975229333919833 1.9567422191464112 63.502264736344905 65.43824116132569 
0 0.48584869836847433 0.5074410603949651 0.00886837243720745 0.016775949437162874 -4.20911123799948 -2.3137405477896777 -0.11260269849406379 1.7946378976670325 79.26814806403358 83.38427403213468 
0 0.5871722631390758 0.512144274893972 0.028621850024488138 0.01753743278056019 14.420271148277564 19.466746887745728 0.3340315462626815 2.005811075431832 67.13816158179581 69.30997760333885 
0 0.5919620129882563 0.5145021191215251 0.028274045261934222 0.01452799564228413 14.58126991145393 19.32292532963301 0.678694226657564 1.980151827348592 63.700389527017975 65.656426275899 
0 0.7929614412859756 0.5169312200056281 0.045969921235149536 0.019074244501109172 42.13898679250359 47.50893146013897 0.5773951737142289 1.9887897415599052 52.61218053995695 54.67858339023248 
0 0.6589639391273605 0.5127508177853501 0.03005602849476474 0.018478801314639637 26.640626996231788 32.283424438210645 0.3300363822127579 1.979935374749084 62.87307608083724 66.88665901329279 
0 0.4583563054461223 0.5158917501952403 0.033579983800650526 0.020562916611239213 -8.925048926967207 -3.837171016642543 0.44276325948186757 1.9796444819474917 52.960114974939074 55.261244995319956 
0 0.8877720803847305 0.5160486635977306 0.04723421800271077 0.021177421921587447 56.8520695467208 61.833442761739505 0.426218136898292 2.001789742551945 52.61998711096612 54.66039984366676 
0 -0.17642689873589978 1.0581303379725209 1.0857941093685626 1.0015911650955749 -4.624183959663242 -2.368085879169911 0.5093077024244959 1.9911081319351573 1.3161042923964104 6.2205524739569 
4 0.6025609421622815 0.5272700695200225 0.0074974387599938686 0.057594539742563344 6.488164542175355 6.867589882055938 -0.04941154924800495 1.8106804036359658 22.61256970360496 22.992445940049286 
