0 0.6261212131263245 0.5114603746959706 0.028994529778950784 0.0206593560722661 20.714481521420367 25.321318301429343 0.10492172905338037 1.9617602647580297 63.03944023680514 64.97527641003562 
0 0.48576713048773434 0.5075402388816135 0.008923235868194879 0.016874190311928827 -4.20908115355752 -2.3137124919450116 -0.10605724035524755 1.8008878319765809 78.80531745994912 82.92134362822787 
0 0.5877695982071598 0.5122838482087037 0.028836012507772124 0.017659928837858718 14.42030142104882 19.466775457033677 0.3394992567548041 2.0111120991276272 66.675319423321 68.84700903914764 
0 0.5926266900220566 0.5146632752658938 0.028496700733606994 0.014636095461961762 14.581298809349022 19.322955613906046 0.6838816966496046 1.9851962740476103 63.23752132403074 65.1934596286498 
0 0.7986299959959997 0.5171352891087883 0.04658082053768131 0.01924467666753915 42.61430597361476 47.984160929214156 0.5817393133782642 1.9929474213007434 52.15230208396006 54.21832928772022 
0 0.6601063048927446 0.5129002489958868 0.030269479944013966 0.01861766981621793 26.640655534968673 32.283454709968055 0.33515757910200317 1.9850499429285877 62.41010982763701 66.42381682717998 
0 0.4610347722319797 0.5160848690566384 0.03377306107399858 0.020742024016272675 -8.458294164587954 -3.374007737592848 0.44716712159388106 1.9839209109017046 52.507544224307225 54.79919450292498 
0 0.8942377055524535 0.516245933771612 0.04789323907089005 0.021367554565982383 57.32063585861093 62.30204647178593 0.4305214251798759 2.0059583004030563 52.157261116986255 54.19765249086389 
0 -0.5079674296248305 1.3476719570022182 1.7273665646837049 1.5712931278247706 -4.624157736269979 -2.368058030861391 0.5099800858295571 1.9914833844201918 0.8533421995544757 5.757699602120887 
4 0.605519762817319 0.5281181525100416 0.007760373919207919 0.05925303567513862 6.490061483173804 6.869484841774295 -0.047411799821691414 1.8126518560954774 21.979767264186066 22.35950270846078 
