0 0.6270402260519006 0.5116025364013039 0.029233056784309097 0.020812220054671315 20.714508270333937 25.32134385100727 0.11023166122431594 1.9669147221927648 62.57745436090125 64.5131445280326 
0 0.15837187004572587 0.5122240509842815 0.03378607071223805 0.015860004535885763 -70.72486647256162 -68.67553418397347 0.4334536405062124 2.0083795372445716 69.05990931836199 74.04501651456316 
0 0.485684751900699 0.5076420572293284 0.008978675377535494 0.016973415887639842 -4.20905450849915 -2.313687078814496 -0.09932643384919326 1.8073118369680976 78.34332513358639 82.45924739071532 
0 0.5883740588000017 0.5124267350626569 0.029052981174551462 0.01778394877179168 14.420328179660245 19.466801180709055 0.345116772614696 2.0165584129336835 66.21331514331106 68.38487316455853 
0 0.5932998017823177 0.5148280885473437 0.028722451200556054 0.01474559746215831 14.58132473250609 19.3229823790453 0.6892097429714343 1.9903732660584517 62.77548995404921 64.73132577173013 
0 0.8043929178151641 0.5173441941851707 0.047205580898866395 0.01941851740821532 43.08962745240102 48.45938229001548 0.5861761748842578 1.9972401052638185 51.693227955723955 53.75888480763228 
0 0.6612630830961668 0.5130532615032636 0.030485600403058588 0.01875837549788728 26.640681239887755 32.283481467596516 0.3404226358256186 1.9903054868122225 61.94797639784251 65.96181251993127 
0 0.4637591564185772 0.5162825857387134 0.03396839216500103 0.02092427665631591 -7.9915390759420575 -2.910872521795426 0.4516684783975118 1.9882888103886365 52.05492792956939 54.33706926425971 
0 0.9008101566410799 0.5164480060878573 0.04856669148235637 0.02156028158048351 57.78917958278362 62.770680859830975 0.43496657201382316 2.010222395037019 51.69538082778502 53.73585560982143 
0 -1.5993862363893745 2.3261606596771953 3.8848085641581087 3.5171063373018843 -4.624166320622265 -2.368066567061959 0.5110327851244787 1.9914284284790595 0.3889147962516404 5.292936422120761 
4 0.608648037862612 0.5290145749883935 0.008041317213046795 0.06100749869476596 6.491939503788302 6.87136208460322 -0.04543569574420059 1.8145983218282946 21.347803840809767 21.727392725910597 
