0 0.6279717110017734 0.5117390138478434 0.02947528037507352 0.020967213780343608 20.714518644048184 25.321353866961545 0.11483829533559331 1.9713857108675772 62.11591895684715 64.05148145891602 
0 0.1538550952179194 0.5124398579620136 0.03454858794281146 0.016080676989167486 -70.72540460383121 -68.67649968375048 0.4384177738286823 2.0136856263497505 68.12977731354005 73.11481713637767 
0 0.4856014370034318 0.5077374692470198 0.009034754206890927 0.017073706355730578 -4.209041840630277 -2.313674503915877 -0.09347641574740528 1.8128925765943669 77.88178806758312 81.99761923548647 
0 0.5889862072777311 0.5125638646013169 0.029273012664328135 0.017909602492758747 14.420339413274732 19.46681154468824 0.34999236717314663 2.0212846326991416 65.75176515107694 67.92320675371336 
0 0.5939819855935512 0.5149874964471762 0.028951578071217732 0.014856610666381886 14.581334972432586 19.322992799152033 0.6938319809788998 1.9948616829752581 62.313916143661295 64.26966117502504 
0 0.81025489230375 0.5175488342625468 0.04784644221236056 0.019594943729963843 43.56495313652687 48.934552071667355 0.5900020886591879 2.000976693652671 51.23459818336191 53.299774579346945 
0 0.6624354304283372 0.5132007670793169 0.030704569347602684 0.018901050260099916 26.64069124533229 32.28349206077566 0.34499239216195554 1.9948656217045855 61.48631098227676 65.50025999314748 
0 0.46653063653093985 0.516475871351792 0.03416617870075328 0.021109770039373643 -7.524757286010015 -2.447728357055894 0.4555599863437707 1.992060187441727 51.6018864999767 53.87453376548044 
0 0.9074952611809746 0.5166457749137846 0.04925586913136115 0.021756750703459726 58.257712903661385 63.23928929766943 0.43880597874239236 2.0139341595717086 51.23395571729873 53.274515685513094 
0 12.62650288323435 -9.904158325445515 24.920195672175705 21.38774780009217 -4.62417888148687 -2.3680787292907723 0.5111268828406983 1.9920837769579929 -0.07772267647077769 4.826468510693765 
0 0.12331156390608863 0.5129015410208785 0.03528094585840856 0.016522784905509624 -74.21174580330319 -72.19738462133375 0.4664416931556459 1.991406424427081 65.88533509428251 70.40223204528344 
4 0.6119624646888868 0.529954170642316 0.008342430026376912 0.06286760742281045 6.493779443367231 6.873202614230806 -0.04378418263367445 1.8162236917083452 20.716292066009466 21.0957520730043 
