0 0.628916567636729 0.51186524604472 0.029721452677166638 0.021124464130239273 20.714532805229936 25.321368037897145 0.11826046490647424 1.9748529077901116 61.654500704914135 63.5901059039822 
0 0.14921824086221747 0.5126484268515441 0.03533989952939007 0.01630747935161514 -70.72594840269477 -68.67745370522317 0.4421201906810912 2.0176513710772612 67.1998501399755 72.18480483885054 
0 0.4855171904835856 0.5078218984608059 0.00909150958890137 0.017175131353466544 -4.209027088864616 -2.3136596725050538 -0.08902926867106609 1.817132965365397 77.42043701388498 81.53619795002783 
0 0.5896066421740052 0.5126906799220499 0.02949631570269229 0.018036988245223484 14.420353791746138 19.466825789307663 0.35369416051194014 2.0248726676916338 65.29040547208615 67.46175788096491 
0 0.5946739528741529 0.5151369566249644 0.029184485612787636 0.01496922357597219 14.58134916887262 19.323006970741048 0.6972905282997224 1.9983150870093098 61.8525043370625 63.80824752527007 
0 0.8162203528428505 0.5177447130713633 0.0485034984513002 0.019774218378069808 44.04033929973737 49.40969098163892 0.5928024884111325 2.003911001342483 50.77612323640794 52.84073287145641 
0 0.6636244332798904 0.5133382163158258 0.03092653479223495 0.019045805892020762 26.640705400585887 32.28350627689176 0.34846304383654925 1.9983275523310833 61.02486350838953 65.03889966073083 
0 0.46935040473902856 0.5166602306805547 0.03436632742005752 0.021298822058563704 -7.057964925428479 -1.9845455039378805 0.4584968819656541 1.994912178185541 51.148120419431386 53.41142268669011 
0 0.9142981246524939 0.5168347390070143 0.04996210097934872 0.02195670275171724 58.72626523016973 63.7078739192648 0.44165737038371944 2.016816146629873 50.77271539008871 52.813370024892514 
0 1.8004113215893267 -0.6134863915654774 3.341706384191043 2.871503442044096 -4.624600433349144 -2.3677272152682463 0.509349834660854 1.9946449196980625 -0.5584567166042262 4.347392152718051 
0 0.11798824571602899 0.5131259594970266 0.036134853417617324 0.016768086959401907 -74.21217356285777 -72.19811495714774 0.4700231787921929 1.9952281741619888 64.93883689006991 69.45568097499212 
4 0.6154827931420606 0.5309370785014529 0.008666856612935425 0.06484402593455824 6.49564354793344 6.875066767602391 -0.042594358276530686 1.8174181017782698 20.08490250879229 20.464386226783972 
