0 0.6298753401613737 0.511980309829001 0.029971766531323274 0.02128406736810462 20.714529193320985 25.321364466147656 0.12051155566227578 1.9771734922585174 61.19309268987327 63.12876472199055 
0 0.1444554310473944 0.5128492236397393 0.03616164124271426 0.016540732951641046 -70.7265134890068 -68.67842167466208 0.44453668376127053 2.020246608292842 66.26995500421965 71.25480066399271 
0 0.48543180531880636 0.5078944603701536 0.009148949778067073 0.0172777458738832 -4.209041745450406 -2.313682464160081 -0.08606738715578799 1.8199552351571042 76.95909431884336 81.07480390503945 
0 0.5902356651761874 0.512806275360427 0.029723048613123915 0.018166176809544132 14.42035017958763 19.466822211754504 0.35615332520390663 2.027255196047042 64.82905580164491 67.00034807305708 
0 0.595376044312381 0.515275579186572 0.02942109600392373 0.015083527729666035 14.581345584623662 19.323003358292397 0.6995507712103519 2.000641237968245 61.3910954765281 63.34688549827291 
0 0.8222931053114507 0.5179308964768516 0.049177499993061424 0.019956686257175726 44.51575544524374 49.88477019316049 0.594648209301947 2.005859051814342 50.31768644209493 52.381468172088184 
0 0.6648308018568971 0.5134646769130754 0.031151645230942937 0.019192752154628234 26.640701823629882 32.28350266471021 0.3507668387951741 2.0006252021346294 60.56345485916821 64.57754997947396 
0 0.4722304852202032 0.5168348881880953 0.03459069620631583 0.021491603643498114 -6.591219481654093 -1.5213437040559086 0.46043429005533 1.9968006974617363 50.69344724409384 52.947646814725054 
0 0.9212226550259783 0.5170138788136036 0.05068515303330767 0.022159845565345337 59.19478581402146 64.1764703014964 0.4435079236953461 2.0187581376656127 50.31147180812076 52.35238492324032 
0 1.0619406806604277 0.021771538294040438 1.9625196122383868 1.6873250536902438 -4.624382968491716 -2.3683859958378832 0.5067535158766929 1.9979484307738915 -1.0640519323325606 3.8431786459493367 
0 0.11251227017950217 0.5133433094278483 0.03702345708071861 0.01702073242377089 -74.21262586620247 -72.19885671694055 0.4723567881013484 1.9977242074065802 63.99237184549381 68.50914246642546 
4 0.6192291450664265 0.5319679093435298 0.009016641442494255 0.06694862833129428 6.497491527863502 6.876914707250322 -0.04185195617438198 1.8181740665659727 19.453510356406092 19.83306103593877 
