0 0.6308487634336981 0.5120859101444252 0.03022638137402278 0.021446115159423185 20.714542924360657 25.321378268739252 0.1217886481031294 1.9784912029165873 60.7316154852198 62.6673264652499 
0 0.13956118764226932 0.5130441472589591 0.03701554899009335 0.01678072829535371 -70.7270533456776 -68.6793506498415 0.44587530381073304 2.021688374973463 65.33998933126736 70.32470883166921 
0 0.48534553561397753 0.5079568263151414 0.009207162025762772 0.017381598393255315 -4.209028008207639 -2.3136686534200805 -0.08437668794571906 1.8215646170163116 76.49765424394577 80.61333614441487 
0 0.5908737930724521 0.5129123516063523 0.029953344048050168 0.018297237968789126 14.420363910051435 19.466836003960367 0.35755151589025136 2.02860885402278 64.36761259697583 66.5388698200824 
0 0.5960888472795458 0.5154050840772662 0.02966155877459342 0.015199593604090844 14.581359364927806 19.323017088364153 0.7008331608363549 2.001961913603546 60.929617779018216 62.885435093316666 
0 0.8284766409072835 0.5181091730134814 0.04986799586964141 0.020143245990191794 44.99118793487666 50.35987045552922 0.5957075379346546 2.006942942801335 49.85911608965027 51.92202913716835 
0 0.6660554034276667 0.5135818575554113 0.03138003098569009 0.01934198095196482 26.64071561695374 32.283516395230976 0.352074946644634 2.0019295812678135 60.10197728530244 64.11610676865207 
0 0.4752012627832325 0.5170016335978324 0.03489521578956106 0.021688135023919752 -6.124356934033955 -1.0579744514776337 0.46152742190577434 1.9978662452812168 50.23780560538993 52.48308995119748 
0 0.9282736491469044 0.5171849729512192 0.05142625903820963 0.022367204640437066 59.663323353255294 64.64506836235805 0.44456321660437426 2.0198455758721425 49.85018888013518 51.891275731609895 
0 0.7633234179896942 0.2800145802628402 1.5048874243298025 1.2950939621352953 -4.6247445533769564 -2.3686557078608246 0.5024549211956151 2.0031188856913555 -1.6118289816338631 3.298273350788186 
0 0.10687661556066914 0.5135555401203912 0.03794880158449723 0.017281091849731478 -74.21304795174916 -72.19956343642804 0.4736453401030327 1.9991074774845667 63.04583622964579 67.56251259829575 
4 0.6232255793411814 0.5330547385014184 0.009394428873931493 0.06919467921282985 6.499372058983539 6.878795166564558 -0.04146652674465012 1.818567467822211 18.82205080488211 19.201640508140443 
