0 0.6318372246214001 0.5121846797945705 0.03048542499937934 0.0216106891654817 20.71456000917236 25.32139541720673 0.12233610434595787 1.979057199084245 60.27000453989073 62.205733223224904 
0 0.13452980793236186 0.5132360168436731 0.037903455433185435 0.017027798423601914 -70.72753617074179 -68.68020803207637 0.44641756113670517 2.022276969414022 64.40988851746633 69.39447023081655 
0 0.5968126257334618 0.5155281161802278 0.029906006668893537 0.015317483537490295 14.581376493563567 19.323034172313342 0.701383001413241 2.0025290770437927 60.46800660963482 62.42383632934718 
0 0.8347746380445531 0.5182822422147512 0.050576403411546345 0.020333095814154767 45.466641557100175 50.834961090659164 0.5961510132776398 2.0074086850083934 49.4003378818428 51.46229844759019 
0 0.6672987407377448 0.513692394981796 0.0316118113952788 0.019493574389716106 26.640732757178142 32.28353347957365 0.35263669506858153 2.0024895398881424 59.640366172241315 63.65451127456254 
0 0.4782269184436816 0.5171631944728181 0.0352068633285994 0.021888810711467754 -5.657536479495519 -0.5945530521518947 0.4619837480180111 1.9983244886529221 49.781116315298476 52.017785595387544 
0 0.9354553606074989 0.5173507192347719 0.05218679575903795 0.02257855217159932 60.13189352750513 65.11365597359199 0.44501403123602956 2.020304832589049 49.38880657413891 51.429940974010165 
0 0.5744651148440367 0.4432438235133036 1.3386107484139118 1.15562311439834 -4.625242896809368 -2.369166754490095 0.5000018799068944 2.0059773493915114 -2.1965860811711764 2.7150908225967783 
0 0.10107356269222732 0.513765520459061 0.03891312339965583 0.017549549170984835 -74.21348558252271 -72.20027850796131 0.4741633391957887 1.9996685722179903 62.09916709510293 66.61573494490159 
4 0.6274976026808492 0.5342074725413819 0.009803694462460766 0.07159723325903322 6.501240843451313 6.880663887142845 -0.041336198763725074 1.8187014253253795 18.190447741629484 18.570055182878697 
