0 0.63386057788032 0.51237234213275 0.03101718648975127 0.021947658546688564 20.71459703245425 25.321432662764494 0.12219648883868617 1.9789160495942146 59.34639059166495 61.28211862710571 
0 0.12403248522110928 0.5136220382963917 0.03978893432099431 0.01754448320061397 -70.72823654929903 -68.68163096767009 0.44618598256710973 2.0220407153879756 62.54930898050209 67.53359528010041 
0 0.5982940667468328 0.5157654131942131 0.03040727750433081 0.015558925199595341 14.58141378238281 19.32307123412737 0.7012432504619635 2.002388174626466 59.54439426078598 61.500222356899634 
0 0.9159680701012776 0.514472876133854 0.04002013849240038 0.01814529867682113 69.50817890724566 74.0291597099237 0.4737235147804144 1.9991319541502868 59.441663732142146 61.465350494081264 
0 0.8477276236361995 0.5186236177274534 0.052050931803638956 0.020723398024969253 46.417654935601746 51.78505604998918 0.5959977340647968 2.0072944602119764 48.48223109478471 50.541769830940176 
0 0.6698432724956407 0.513904164762736 0.03208592234271579 0.019804106787514875 26.640769917116373 32.28357071803933 0.3524956473121017 2.002348801976548 58.71675191740016 62.73089526265566 
0 0.4844503044239966 0.5174816600681187 0.03585221993619442 0.022302796468236075 -4.723969766003535 0.3325223226915739 0.46183255959498726 1.9982110165470417 48.86474929217528 51.085090765613266 
0 0.9502240551559886 0.517676959546026 0.0537663877536142 0.023013128201748168 61.06899530803494 66.05085550442631 0.4448761948396496 2.0201732247493736 48.46563301536465 50.507012274990984 
0 0.08893506268632019 0.5141903984518814 0.040968130605961994 0.01811234012975982 -74.21434292976639 -72.20165901424772 0.47392976108402474 1.9994317233994814 60.205443415675695 64.72177816430896 
4 0.6369908784040474 0.5367551635188529 0.010733421559288026 0.07694197156640953 6.50495942972276 6.884382481290146 -0.04147883449652423 1.8185585058176577 16.92685647145447 17.30646252751803 
