0 0.6348960896107353 0.5124652682620776 0.03129010231438123 0.022120178487665676 20.71460991995454 25.321445677846782 0.12186200679888337 1.9785724744844304 58.88441364306462 60.820133037517124 
0 0.11855301811905429 0.5138205466529184 0.040790798994305016 0.017814782445843336 -70.72861751360298 -68.68235450071211 0.44579068615433215 2.02162071940142 61.61884389924768 66.60298347446519 
0 0.5990521739698922 0.5158837200918021 0.03066430383092278 0.015682561748993185 14.581426792575598 19.32308413277015 0.7009075227873285 2.0020436034083198 59.08241791458899 61.03823959321106 
0 0.916343962164724 0.5145811740533632 0.040314031152151375 0.018287536870023824 69.02446699247955 73.54268046996383 0.47339633443046925 1.9987820846495281 58.98250970675076 60.99992119533053 
0 0.8543889915358921 0.5187961512348492 0.05281730494282222 0.020924880210822838 46.89316770303685 52.260093816592516 0.5957242939862499 2.00699413088056 48.022867423529114 50.08112250521987 
0 0.6711452428626707 0.5140094449001125 0.032328420610546305 0.019963162022394343 26.640782898068537 32.28358367177533 0.35215446335557865 2.002008296473769 58.25477495375596 62.26891030807908 
0 0.4876516831580009 0.517642704679621 0.036186259226409445 0.02251649384737664 -4.257276629691006 0.7961815909366692 0.46152638128955825 1.9979367056661137 48.40512974250403 50.617891887449666 
0 0.9578192041937845 0.517841685795842 0.05458810041172513 0.023237048947126526 61.5375720555883 66.51942684543968 0.4446003534317078 2.019876605922895 48.00391969884589 50.04526806747661 
0 0.08258314622023624 0.5144097601740942 0.042063959720009494 0.01840751746246927 -74.21476928006354 -72.20233260633961 0.47354338714595823 1.9990238939444696 59.258405135774304 63.774622927222886 
4 0.6422852217583653 0.538174262994947 0.011264121619193546 0.07992602154199441 6.506821951498239 6.886244946573811 -0.04162731649402507 1.8184082233310774 16.294889790179262 16.674486960249638 
