0 0.6359480473807694 0.5125593784323106 0.03156783903105431 0.022295455603378866 20.71464578144014 25.321481784756287 0.12150273740996487 1.978202977354932 58.4223666268183 60.35807698340449 
0 0.11291114645758288 0.5140248802931489 0.04183507189872977 0.018093558377431096 -70.72896601346346 -68.68303236384565 0.4453777621026829 2.021181716708453 60.688314732255996 65.67231191511928 
0 0.6306434543833861 0.5138614615597243 0.032264048023935565 0.01755485341735097 20.88733926954906 25.915354729628405 0.46217281123525655 1.9991014089175454 61.76286405757711 63.913523261146196 
0 0.5942079271209686 0.5133871214381701 0.031161353647117362 0.018982445154006822 14.42046876477248 19.46694011634041 0.35725873416377474 2.0283185949354237 62.058365564105166 64.22962304940171 
0 0.5998223198325427 0.5160036003804207 0.03092572018845463 0.015808198321407452 14.581462938702032 19.323120033643605 0.700546951295409 2.001673535956777 58.620372648720995 60.5761867915957 
0 0.916729551957367 0.5146910256261179 0.04061591419530097 0.018432361753750737 68.54060694004755 73.05633865881563 0.4730427291480346 1.9984033741822893 58.522494504194796 60.53428833661246 
0 0.8611783774947095 0.5189717523785459 0.0536042810501024 0.021130159215618338 47.36871150838702 52.7351499179247 0.5954214434916356 2.006679917227507 47.56331566906152 49.620264247980025 
0 0.6724676669011993 0.5141161092404427 0.032574649266416844 0.02012481585003123 26.64081891476114 32.283619754376744 0.35178725606614036 2.0016421111649927 57.79272770158879 61.80685386324187 
0 0.4909154736748531 0.5178068323668737 0.036528068426238514 0.022734666526849523 -3.790608138783682 1.2599356188578952 0.4612036750056885 1.9976399237253968 47.94467154182794 50.150171723634585 
0 0.9655594303232908 0.5180092836148202 0.05543110282592334 0.023464950152255137 62.00614264783164 66.98803251051193 0.4442877095308597 2.0195708864486215 47.542108421720684 49.583549303984114 
0 0.0760324565154581 0.5146359877960809 0.043208941629344244 0.01871247933239717 -74.21499321167218 -72.20279616998462 0.47314165494794613 1.9985984596903954 58.31130756310882 62.82741106732499 
4 0.6480033712899209 0.5397079554931887 0.011847102229340267 0.0831512322316511 6.508718094748815 6.888141080968154 -0.04177790866017683 1.8182556324152095 15.662855287655645 16.042442645428018 
