0 0.6381021048756776 0.5127534832774356 0.03213820880259799 0.02265453658961747 20.714689625983482 25.321525831855993 0.12089292192220924 1.9775762129803671 57.49814224525982 59.43383621548041 
0 0.10110962573111472 0.5144540989505106 0.04406099675162192 0.018678101137078795 -70.72971898524247 -68.68442299331306 0.4446682226317955 2.020425768087805 58.82709851275968 63.810822427757 
0 0.6013991658067117 0.5162504272760495 0.03146212033982965 0.01606563753324941 14.581506957550047 19.323163888311996 0.6999347697117628 2.0010446688303127 57.6961489675694 59.651951265395866 
0 0.9175282062053194 0.514917828084053 0.04124379656229393 0.018729821064982666 67.57043761559733 72.08607298809744 0.4724468908523092 1.997766291688507 57.595735045203185 59.60727981489854 
0 0.8751555907522821 0.5193348607958344 0.055244293963407465 0.02155271642632217 48.31985481918254 53.685190021239166 0.5948961612174197 2.0061647265314075 46.643808612605845 48.69783006668604 
0 0.6751749905628226 0.5143359587634787 0.033078603730145595 0.02045614592081324 26.640862918024098 32.283663664595025 0.3511651275918848 2.001021131259798 56.86850337843281 60.88261471545958 
0 0.49763784188740906 0.5181468526865807 0.03723562278835246 0.02318546501772878 -2.8574876083149547 2.1876797763711977 0.46064544337047786 1.997142827172728 47.02137019472553 49.21354233262399 
0 0.9814925267069934 0.5183558823575994 0.05718655010459461 0.023935347367009863 62.943312458127465 67.92519552910741 0.4437877189159105 2.0190328631245484 46.6184260515377 48.65981963636053 
0 0.062292065618113124 0.5151123695061415 0.04565917760105622 0.019353753181001743 -74.21549083619229 -72.20376085149971 0.4724494503143255 1.9978660650865412 56.41694696052932 60.93282956202251 
4 0.6609272658684009 0.5431818977277937 0.013202604698588805 0.09045193066356011 6.512447833221017 6.891870687690002 -0.04203342121154341 1.817996751875255 14.398650351785385 14.778221063169298 
