0 0.6392051099338554 0.5128540404202788 0.032431099365735405 0.02283846965181424 20.714719008928284 25.321555207696633 0.12068081008638298 1.9773583391141218 57.035976361816296 58.97166479965698 
0 0.09493477599310803 0.5146801836258874 0.04524815557182807 0.018984775729405823 -70.72999688969932 -68.68500316944596 0.4444164130036523 2.020159164422964 57.89643246284984 62.88002844753524 
0 0.484616142102984 0.5083484585598707 0.009701360782237434 0.01826045159594686 -4.20885621801861 -2.3135044572197785 -0.08574494806317512 1.8202473221539974 72.8020045737471 76.91770015545245 
0 0.6022065584936815 0.5163779604410657 0.03173733765769071 0.016197543243089307 14.581536335603403 19.323193271352835 0.6997219031330348 2.000826356060913 57.23398315413321 59.18978157517032 
0 0.9179410109921242 0.5150354809862376 0.041569809021424375 0.01888293258698559 67.08449531790376 71.60182045763776 0.47223919437198547 1.997543017170906 57.129890009721265 59.14523320598839 
0 0.8823510794036902 0.5195230445778376 0.05609774416274382 0.021771017892123212 48.79542947343526 54.160222529382025 0.5947258964259312 2.005969104875179 46.18380981907301 48.23637313190733 
0 0.6765609783445227 0.514449710016442 0.03333650929339482 0.020625954732474083 26.640892294784976 32.28369304759106 0.35094862926330683 2.000805153262149 56.406337547436344 60.42044400333591 
0 0.5011007545044057 0.5183234463573283 0.037601712496967366 0.023418179789559956 -2.390994176152219 2.651696794736978 0.46044998404556403 1.996969405677015 46.55863685287649 48.744689570613076 
0 0.9896937986038663 0.5185354968607399 0.058100181129610906 0.024177286963401712 63.41189011025884 68.39378468200677 0.443599294721712 2.018854662724614 46.15651870765812 48.19795000871409 
0 0.05508164549660625 0.5153638850482748 0.04697130966462139 0.019691152449054394 -74.21572846097897 -72.2042243593059 0.47220366215427845 1.997606832750849 55.4697091431774 59.9854869664027 
4 0.6682689861286197 0.5451598772921674 0.013995929288707631 0.09460544889628036 6.514328609281165 6.893751470879238 -0.04213009127512146 1.8178989500571132 13.766497976288484 14.146063144528881 
