0 0.6403257783307696 0.5129569552541453 0.03272928345666548 0.023025413646564075 20.71473305369568 25.321569246578576 0.1205267347368848 1.977200342941517 56.57381207951414 58.5094967553152 
0 0.08856602555872897 0.5149143093126061 0.04648877149584865 0.019301669628343343 -70.73018658096424 -68.6854885100299 0.44422581118558013 2.019958503845181 56.965764168129326 61.949236371815914 
0 0.4845197444842977 0.5084000452402294 0.009766906497931493 0.018376650745563994 -4.208842173761468 -2.3134904190081045 -0.08593898796709598 1.8200611377682194 72.33983670492142 76.45553496079386 
0 0.5970586146987135 0.5137840494321844 0.032200322096971545 0.019569065593331048 14.420556300840389 19.467027642320204 0.3562017238048856 2.0272915924203523 60.209788912619615 62.381069467963755 
0 0.6030268156917382 0.5165082700240186 0.03201736943807609 0.01633163131228721 14.581550376318575 19.32320731619984 0.6995673153461914 2.0006680675450697 56.77181891943519 58.72761470423757 
0 0.9183622488167629 0.5151563985429747 0.041903838255122894 0.01903982603517318 66.59865908383017 71.1174412745448 0.4720891308325448 1.997380321211625 56.6640694052672 58.68269319102375 
0 0.8896896053482707 0.5197157675540756 0.05697487930117995 0.021993603785990135 49.27098413732345 54.635234969408344 0.5945952797330778 2.0058312834317737 45.72367387417336 47.77479222247847 
0 0.6779689704677392 0.5145660414880395 0.03359847087789347 0.02079860399983402 26.640906334429218 32.283707092401144 0.350791564506723 2.000648445530801 55.94417330080148 59.95827643750407 
0 0.5046335852937509 0.5185045276277851 0.03797622204502016 0.02365608504837946 -1.9246589531482527 3.115708033101754 0.46030182203616676 1.9968468680804032 46.09525023216847 48.27557657121818 
0 0.04762930296676067 0.5156247811595849 0.04834649647274209 0.020040502151526196 -74.21598441762728 -72.20470019545067 0.4720166328472424 1.9974106621093837 54.52247110315918 59.03814825675139 
4 0.6763076284744087 0.547329202418249 0.014883975607738242 0.09915879770558478 6.516194130077679 6.895616997582081 -0.04220915189054364 1.8178191196255218 13.13434354027806 13.513904939167446 
