0 0.6414646982789711 0.5130630541885033 0.03303289821602584 0.023215440381554653 20.71476202112521 25.321598214008105 0.12049249401822726 1.9771661022228595 56.1116593717815 58.047344047582556 
0 0.08199358497916505 0.5151576194901051 0.04778623755274312 0.019629287677989438 -70.73038193244071 -68.68596973457784 0.4441571445404813 2.019888760347974 56.03510397209737 61.01845980997885 
0 0.4844222032696788 0.508453771203058 0.009833332262919103 0.01849433742512746 -4.208813206331939 -2.3134614515785756 -0.08597322868575352 1.820026897049562 71.87768399718878 75.99338225306121 
0 0.5977985101076285 0.5138897081289229 0.03247088186370828 0.019721435122167397 14.420585268269917 19.467056609749733 0.35616748308622803 2.027257351701695 59.74763620488697 61.91891676023111 
0 0.6038604155297429 0.5166421912570083 0.03230234403349519 0.016467954619758474 14.581579343748103 19.32323628362937 0.6995330746275339 2.000633826826412 56.30966621170255 58.265461996504925 
0 0.12394004311947443 0.5127619747377116 0.029636397758911415 0.016589222570887685 -74.0563123447333 -72.2643120549053 0.44563992504218497 1.9958812938443005 66.3303529124245 70.03701029915636 
0 0.8971758689460484 0.5199139313438859 0.0578770282517278 0.022220643931434636 49.746577783521445 55.1102597029532 0.5945564340820755 2.0058012135595784 45.26343869830502 47.31305322484665 
0 0.6793996481388971 0.5146857849252762 0.0338645835264586 0.02097416421124698 26.640935301858747 32.28373605983067 0.35075732378806546 2.000614204812144 55.48202059306884 59.496123729771426 
0 0.5082014870895494 0.518690787627264 0.03835893156767606 0.023876888204225177 -1.4633304359764168 3.5747995435263533 0.46041286077396526 1.996676188667873 45.631280231771946 47.806331588067785 
0 0.03992282757916509 0.5158963016077087 0.04978893189525767 0.02040244642918909 -74.21624251866581 -72.20517457129387 0.4719462606896414 1.9973402972562069 53.575243952897885 58.09082511522492 
4 0.6851485464130929 0.5497196692257986 0.015883997667855865 0.10417254218019345 6.518089916809203 6.897512784313605 -0.04225611960769893 1.8177721519083663 12.50219751423829 12.881758913127676 
