0 0.642622147973307 0.5131708994477624 0.03334207834101588 0.02340861175396891 20.714790090931643 25.32162628381454 0.12045801802201117 1.9771316262266434 55.649548616134666 57.58523329193572 
0 0.07520792200007025 0.5154090200686772 0.049144074265762915 0.019968191816648218 -70.73054966754026 -68.68641854405763 0.4440874722913468 2.0198190968540986 55.10448557536966 60.087726658742206 
0 0.48432342719079763 0.5085081858267159 0.009900656498528781 0.018613530350134744 -4.208785136525506 -2.3134333817721426 -0.08600770468196961 1.819992421053346 71.41557324154195 75.53127149741438 
0 0.6047075323446984 0.5167782951477096 0.03259236606370031 0.016606558183917097 14.581607413554536 19.323264353435803 0.6994985986313178 2.000599350830196 55.847555456055716 57.80335124085809 
0 0.11857907282287641 0.5129459623898867 0.030352953685176445 0.016836068594153875 -74.05618325762083 -72.26437653575968 0.4455740497734122 1.9957536623070662 65.37378531364423 69.08032282596731 
0 0.9048137079245376 0.5201161698962382 0.058805025104707864 0.022452414982338298 50.22214003969867 55.585228965811496 0.5945163693194602 2.005772094900696 44.803123852617645 46.85117318445743 
0 0.6808533730419628 0.5148075076612361 0.03413491957363213 0.021152693703928582 26.64096337166518 32.283764129637106 0.35072284779184937 2.0005797288159277 55.019909837422006 59.03401297412459 
0 0.5116121283127075 0.5188627708597917 0.038764658786664796 0.024175924605626342 -1.0332348144941648 4.005088249521322 0.45729558658358704 1.9997561059895936 45.166738852971555 47.33792795309675 
0 0.03194931645524717 0.5161774478039611 0.05130310595361058 0.02077765975201651 -74.21648806363083 -72.20563279099599 0.47187534786452834 1.997269391604936 52.628058285975435 57.14354504677338 
4 0.6949161222762303 0.5523645329984814 0.017017329746874754 0.10971988585213788 6.519969469018065 6.899392336522467 -0.04230332233544942 1.8177249491806158 11.870096927700345 12.249658326589731 
