0 0.6437986231546906 0.5132805480080775 0.03365700753062517 0.0236050279061234 20.714803068644756 25.32163926152765 0.12042342222682723 1.9770970304314595 55.1874299064397 57.12311458224075 
0 0.06819769708982802 0.5156689428616033 0.05056630668741771 0.02031898074062577 -70.73075242515515 -68.68689310149693 0.44401784987408743 2.019749482894877 54.17385701241031 59.15698711523161 
0 0.4842233137099011 0.5085633096161891 0.009968908685042799 0.01873427181060411 -4.208772158812394 -2.3134204040590305 -0.08604230047715355 1.8199578252581619 70.95345453184697 75.0691527877194 
0 0.5993124446188387 0.5141059552772895 0.03302569769122621 0.020033376699701733 14.420626315789463 19.467097657269278 0.356098411294828 2.0271882799102947 58.82340673954517 60.99468729488931 
0 0.6055685033480754 0.5169166521244744 0.03288759912007477 0.016747515053898265 14.581620391267649 19.323277331148915 0.6994640028361339 2.000564755035012 55.385436746360746 57.34123253116312 
0 0.11306945158788845 0.5131353219073478 0.03109892610679517 0.017085897912346493 -74.05610847446317 -72.26449510356005 0.4453344004145736 1.995845257314794 64.41830662179265 68.12488930580369 
0 0.9126080304280892 0.5203226392378573 0.05975867340940244 0.022689671577847292 50.697669578644124 56.060205072095755 0.5944924890990444 2.0057266677748964 44.34265037419351 46.389217993388826 
0 0.6823307797186777 0.5149312742374362 0.03440961049087732 0.021334288256890765 26.640976349378292 32.28377710735022 0.3506882519966654 2.0005451330207435 54.557791127727036 58.571894264429616 
0 0.5146882046752748 0.5190591068695334 0.03918265037609592 0.024547609665593217 -0.6554230816145719 4.383764706056041 0.4535020950373332 2.0035150198751297 44.70215704750104 46.87012865107244 
0 0.02369397085277521 0.516468764293604 0.05289408337918871 0.021166905950485315 -74.2167504820033 -72.20610428380115 0.47180439345929126 1.9971984442552289 51.6808629161093 56.19625686562461 
4 0.7057652242309616 0.5553069584380381 0.018311197979253624 0.11589135129374917 6.5218339291336065 6.901256796638009 -0.04235064486216822 1.8176776266538972 11.237988387114257 11.617549786003643 
