0 0.6449947580687614 0.51339204257914 0.03397784369188839 0.02380476600869863 20.71483122005324 25.321667412936137 0.12038870752648534 1.9770623157311176 54.725315336986355 56.66100001278741 
0 0.060951852803493196 0.5159378224080526 0.05205712519316795 0.020682283704044457 -70.73095794494503 -68.68736512362037 0.4439480527761679 2.0196796940816384 53.24323166520708 58.22625293853082 
0 0.48412198581047006 0.5086191550759662 0.010038097997083995 0.01885658896262471 -4.208744007403908 -2.3133922526505444 -0.08607701517749544 1.81992311055782 70.49133996239364 74.60703821826607 
0 0.6000871732488937 0.5142166316532317 0.03331021189939731 0.02019307632532641 14.420654467197949 19.467125808677764 0.3560636965944861 2.027153565209953 58.36129217009183 60.53257272543597 
0 0.6064438401547935 0.517057314939152 0.03318818216477837 0.01689088184336429 14.581648542676135 19.3233054825574 0.699429288135792 2.00053004033467 54.923322176907405 56.87911796170978 
0 0.107400740153414 0.5133305185641774 0.03187587520439758 0.017342084176311112 -74.05599724222947 -72.26457509141107 0.44506668930730875 1.9960177897237539 63.46319461351315 67.16986978147908 
0 0.9205640578656077 0.5205334608076418 0.06073971231375097 0.02293183415971356 51.1732101458188 56.535206101299266 0.5944608509898994 2.0056886395779685 43.88203109662574 45.92716514393771 
0 0.6838326031698094 0.5150571333126284 0.03468875443287589 0.021519022530731235 26.641004500786778 32.283805258758704 0.35065353729632354 2.0005104183204017 54.095676558273695 58.10977969497628 
0 0.5172992938775762 0.519259051795733 0.039707781903073724 0.02490412142081122 -0.3380976784554832 4.701658788446764 0.4504376864548534 2.006537392700954 44.2378012944236 46.40289665229798 
0 0.01514250975111434 0.5167708081989332 0.05456717179255067 0.021570978025670984 -74.21690561180986 -72.20646969397538 0.47173339481972776 1.997127452706937 50.73367487008332 55.24897546513841 
4 0.7178864012762063 0.5586000911250917 0.019800338044425048 0.12279840882463905 6.523698307647038 6.9031211751514405 -0.042398086312628314 1.817630185203437 10.60588366036145 10.985445059250843 
