0 0.6462108875536031 0.5135054347216701 0.0343047542676127 0.024007916464622858 20.71484427936838 25.321680472251273 0.12035399223646537 1.9770276004410976 54.263192813475946 56.198877489277 
0 0.05345818667769751 0.5162161370737826 0.05362114843506706 0.021058786372017857 -70.73116664044781 -68.68783369767911 0.44387831294924873 2.0196099623393575 52.312597344502876 57.295512481780776 
0 0.4840192700655469 0.5086757391425143 0.010108253943157952 0.018980516183857044 -4.208730948088771 -2.3133791933354075 -0.08611173046751541 1.8198883952678 70.02921743888322 74.14491569475565 
0 0.600874009356182 0.5143290673436225 0.03359962632753832 0.020355344602184244 14.420667526513085 19.4671388679929 0.35602898130446614 2.027118849919933 57.89916964658142 60.07045020192556 
0 0.6073337353111938 0.5172003470518238 0.03349426259112975 0.017036724739492692 14.581661601991271 19.32331854187254 0.699394572845772 2.00049532504465 54.461199653396996 56.41699543819937 
0 0.10156249055038513 0.5135317441385663 0.03268559981377485 0.017606920971198314 -74.05593248050334 -72.26469582204618 0.44483770882795826 1.9961685999647876 62.50799831302413 66.2147426517614 
0 0.9286868208510869 0.5207487756554676 0.06174972843573934 0.02317909016061248 51.64873781675645 57.010180400756354 0.5944232351628291 2.0056565475701693 43.42128475356922 45.46495770346688 
0 0.6853593011962058 0.5151851433565173 0.034972468573527205 0.021706983650146117 26.641017560101915 32.28381831807384 0.35061882200630357 2.0004757030303817 53.633554034763286 57.647657171465866 
0 0.5194630576193742 0.5194625780812103 0.04021983183250183 0.025237532781362426 -0.08475376610508079 4.955128268870311 0.4483391926170126 2.0085863342534713 43.77379774235125 45.93632193482559 
0 0.006278307665447963 0.5170841869635405 0.056328314845162514 0.021990743855997308 -74.2169842895421 -72.20675865643906 0.4716622429277222 1.9970563079095482 49.78648035664162 54.30168758742924 
4 0.7315176646511741 0.5623106870226406 0.0215299034555273 0.1305810583131785 6.525562849364604 6.904985716869007 -0.04244552833418269 1.8175827431818827 9.973771305959922 10.353332704849308 
