0 0.6474476806739367 0.5136207717775967 0.03463790915623621 0.024214562065490663 20.714872512379003 25.321708705261898 0.12031939645986522 1.9769930046644975 53.80107443018932 55.73675910599037 
0 0.04570403200662351 0.5165043886486058 0.05526332204172036 0.021449214438910347 -70.73134689912189 -68.68826986261075 0.44380859768252434 2.019540255039788 51.38196620862362 56.364776821120856 
0 0.48391529009152645 0.508733076220005 0.010179386505947019 0.019106082233919908 -4.208702715078147 -2.313350960324783 -0.08614632624411556 1.8198537994912 69.5670990555966 73.68279731146903 
0 0.6016734012729141 0.5144433030531976 0.03389406650648963 0.020520239688289532 14.42069575952371 19.467167101003525 0.355994385527866 2.027084254143333 57.43705126329479 59.60833181863893 
0 0.6082387264966359 0.5173458065261826 0.033805989657784474 0.017185104531256323 14.581689835001896 19.323346774883163 0.6993599770691719 2.00046072926805 53.999081270110366 55.95487705491274 
0 0.09554636477268777 0.5137391718095591 0.03352997540118886 0.017881591081953196 -74.05581857927626 -72.26476349480103 0.44466772780227704 1.9962494514026574 61.552551925649425 65.25931345969661 
0 0.9369819440194773 0.5209687297323193 0.06278985015485639 0.02343175711812029 52.12429777171934 57.48517391280305 0.5943847189900675 2.0056257233968924 42.960421289377535 45.00260098322721 
0 0.6869116504256745 0.5153153580948466 0.03526085788040145 0.02189825188006267 26.64104579311254 32.283846551084466 0.3505842262297034 2.0004411072537818 53.171435651476656 57.185538788179244 
0 0.5211614684975657 0.5196697257775508 0.04071830736568183 0.025550321520784625 0.10406005238496618 5.143768292088993 0.44709940512558877 2.009770115980729 43.3102039549426 45.47066425003581 
4 0.7469603145792864 0.5665234246711186 0.023559443413455172 0.13941688660144058 6.527442564777658 6.906865432282046 -0.04249285084231724 1.817535420673748 9.341663091782173 9.72122449067156 
