0 0.6487055687570115 0.5137380996524581 0.034977483269529985 0.024424793771839926 20.714900663787404 25.3217368566703 0.12028456255023423 1.9769581707548665 53.3389598607449 55.274644536545956 
0 0.037675325715816464 0.5168031158541482 0.056989082135986364 0.02185435240576994 -70.73152791529515 -68.68870546446354 0.4437386424805696 2.0194703077555243 50.45133909927295 55.434045715507224 
0 0.48380994579609415 0.5087911779340522 0.010251520476710518 0.019233319739584753 -4.208674563669746 -2.313322808916382 -0.08618116015374655 1.819818965581569 69.10498448615218 73.22068274202461 
0 0.602485558392952 0.5145593780962774 0.03419366025858561 0.02068782583040263 14.42072391093211 19.467195252411926 0.355959551618235 2.027049420233702 56.974936693850374 59.146217249194514 
0 0.6091591013800713 0.5174937511676441 0.03412351677276826 0.017336087877705242 14.581717986410297 19.323374926291564 0.6993251431595409 2.000425895358419 53.53696670066595 55.492762485468326 
0 0.08934367134787542 0.5139530249629187 0.03441113925234918 0.01816654623936953 -74.05570224877269 -72.26482102862676 0.44454790879825357 1.9962555586551982 60.596828963023064 64.30355846194811 
0 0.9454543398222104 0.5211934738912585 0.06385986406367095 0.02369058509095212 52.59983568007658 57.960193217512355 0.5943610714918379 2.0055794387720276 42.499409288954105 44.54020216183173 
0 0.6884902038608135 0.5154478304836614 0.035554039337237775 0.02209291498645427 26.64107394452094 32.28387470249287 0.35054939232007243 2.0004062733441508 52.70932108203224 56.72342421873482 
0 0.5223918653219348 0.5198805486306627 0.041203850491523086 0.025847014312122774 0.22978715906177172 5.269223405860231 0.4465490707639903 2.0102575127212416 42.847036724506815 45.00617886071541 
4 0.7646010290978122 0.5713475690171238 0.025969001217952425 0.14953512321875717 6.529337372283862 6.908760239788279 -0.0425404111793517 1.8174878603367135 8.70956283167935 9.089124230568736 
