0 0.6512867845254251 0.5139789587930874 0.035676646786084176 0.024856405248251723 20.71494187451114 25.321778067394035 0.12021537097845036 1.9768889791830826 52.414722767763294 54.35040744356435 
0 0.020736027104409332 0.5174343952387476 0.06071536261016908 0.022712215390319423 -70.73153028252585 -68.68920375872247 0.4435993447947244 2.019331025482648 48.590080015290376 53.57258401806783 
0 0.4835949779027903 0.5089097530648219 0.010398837721221521 0.01949295013006591 -4.208628620130128 -2.3132860637700503 -0.08625020281457352 1.8197499231213272 68.18074955202135 72.29644347886475 
0 0.6041493560809479 0.5147972467917682 0.03480886456347543 0.021031346952170127 14.420765121655847 19.467236463135663 0.35589036004645114 2.026980228661918 56.05069960086877 58.22198015621291 
0 0.6110475421846019 0.517797377587907 0.03477663632187511 0.017646151176304303 14.581759197134033 19.3234161370153 0.699255951587757 2.000356703786635 52.612729607684344 54.56852539248672 
0 0.9225420420743138 0.51635483037626 0.045260611339205226 0.02057784630870263 62.22954305458356 66.7550529860462 0.4717977766681545 1.9970483126844094 52.47219476349178 54.50603621110869 
0 0.0763469108788385 0.5144012951216438 0.03629296492320339 0.018767607064439806 -74.05510580826561 -72.264543722767 0.44439993893113705 1.9961231937253754 58.684824646478106 62.39140522327012 
0 0.9629549882276323 0.5216579708257901 0.06609755416911633 0.024225353797566962 53.550883877925514 58.910244258367854 0.5942941265009336 2.005507276508428 41.576973345463486 43.615128367477446 
0 0.6917285954837715 0.5157198090446582 0.03615527755009551 0.022492803209788192 26.641115155244677 32.2839159132166 0.35048020074828856 2.0003370817723667 51.785083989050634 55.79918712575322 
0 0.5233243383867487 0.5203134333070166 0.0421279361868554 0.026390186261523896 0.2842092047852134 5.322824137386732 0.44750111382719293 2.0091514975840243 41.92227163531159 44.08096158007921 
4 0.5685984900942831 0.5185010978466209 0.00464134295548535 0.03306874947244831 7.509722570433823 8.040093518805293 0.1121578325661885 1.9721975555214226 39.414903966363255 39.94541344568539 
4 0.8086629172200361 0.5834535082735691 0.03241220055793548 0.17492621295197847 6.533066374117055 6.912489241621472 -0.04263505651833577 1.8173932149977297 7.445341936682809 7.824903335572195 
