0 0.6526112359275277 0.5141025950384331 0.03603662175655509 0.025077980005496103 20.714954770622143 25.321790963505038 0.120180775468814 1.9768543836734462 51.952607871892674 53.88829254769373 
0 0.011791002390691665 0.5177682426806598 0.06272947861902956 0.02316683319152879 -70.73154675333816 -68.68946820063314 0.443529572183744 2.019261260595151 47.65945182479153 52.6418545023049 
0 0.4834852967614771 0.5089702542954623 0.010474111555399679 0.019625411277328142 -4.2086157240191255 -2.313273167659048 -0.08628479832420988 1.8197153276116909 67.71863465615074 71.83432858299412 
0 0.6050016282706407 0.5149191300751468 0.03512475543791127 0.021207418649161425 14.42077801776685 19.467249359246665 0.3558557645368148 2.0269456331522817 55.58858470499815 57.75986526034229 
0 0.61201642378825 0.5179531896144312 0.035112566234669185 0.017805374263934692 14.581772093245036 19.323429033126303 0.6992213560781206 2.0003221082769986 52.15061471181372 54.1064104966161 
0 0.9230494133467428 0.5164996776286161 0.04567515460940097 0.020764003176116153 61.744387685345174 66.270017583301 0.471765711616303 1.9970111847810463 52.00693607102267 54.041046387753916 
0 0.0695337539223606 0.51463642066034 0.03729877097930722 0.01908386212303781 -74.05483004929835 -72.26440746650445 0.444341732645934 1.9960289199312278 57.72870490050573 61.43520157561634 
0 0.9719956134329506 0.5218980488704683 0.06726846423188626 0.024501850036721007 54.026399742877146 59.38525511672442 0.5942564771184125 2.005475141034872 41.11558467410475 43.152410529297164 
0 0.6933898139439527 0.5158594353199082 0.0364635828334986 0.02269821722513432 26.64112805135568 32.283928809327605 0.3504456052386522 2.0003024862627306 51.32296909318001 55.337072229882594 
0 0.5235760626603291 0.5205344779168171 0.042571477767383126 0.026510887717597797 0.28495227934556056 5.320410836006062 0.4528012322299688 2.003722703588 41.460337357285596 43.618830149144195 
4 0.8366750654995437 0.5911911293584833 0.03682333951798711 0.191155155253534 6.534930752630487 6.914353620134904 -0.042682378759506534 1.8173458927565587 6.81323720992107 7.192798608810456 
