0 0.6539592011032715 0.5142284456838675 0.03640380882829031 0.0253035419387454 20.714983003632682 25.321819196515577 0.12014606048292498 1.9768196686875572 51.490489488614976 53.42617416441603 
0 0.0025048621771372303 0.5181151855050351 0.06485431062786157 0.023639969165108354 -70.73156247156336 -68.68973322112765 0.4434598514322592 2.019191547585184 46.72882009750373 51.71112089545048 
0 0.4833742138055809 0.5090315868659918 0.01055047201388265 0.01975968616542445 -4.208587491008586 -2.313244934648509 -0.0863195133100989 1.8196806126258018 67.25651627287304 71.37221019971642 
0 0.605868069830972 0.515043044977278 0.03544637978605247 0.021386463660154176 14.420806250777389 19.467277592257204 0.35582104955092575 2.0269109181663927 55.12646632172045 57.29774687706459 
0 0.613002474032561 0.5181117624627358 0.035454991418208626 0.01796749523316199 14.581800326255575 19.323457266136842 0.6991866410922316 2.0002873932911096 51.688496328536026 53.6442921133384 
0 0.9235655907949609 0.5166470653103895 0.046098596274086856 0.02095347402257164 61.25930066177715 65.7849421771693 0.4717331399453564 1.9969743397480062 51.5418505547965 53.57598399682111 
0 0.06249773447466475 0.5148793866695414 0.0383515218664879 0.019410921904924106 -74.0546097565165 -72.26415431076472 0.44428288900808477 1.9959348914092148 56.77253605541824 60.47902963392711 
0 0.9812382597991334 0.5221435937754819 0.06847454523595253 0.02478531254821259 54.501914712044695 59.860315855998294 0.5942329996919857 2.005429013278497 40.654056263767686 42.68966810269586 
0 0.6950801840247199 0.5160015738097646 0.036777192014119775 0.02290741451741818 26.641156284366218 32.283957042338145 0.3504108902527632 2.0002677712768415 50.860850709902316 54.874953846604896 
0 0.5238361426057554 0.5207614109194907 0.043034219268933804 0.026695763275065953 0.2854629212565669 5.318844562656665 0.4562760495894551 2.0001483257000894 40.99832365298926 43.156677979793386 
4 0.8702643330381519 0.6005113481280574 0.04243493865594805 0.21070347412701196 6.536810468043456 6.916233335547872 -0.04272982047692997 1.8172984510391352 6.181128995752246 6.5606903946416395 
