0 0.6567277528538784 0.5144870368065386 0.037160663707625274 0.025767058854479052 20.71502413275431 25.321860325637203 0.12007686919668847 1.9767504774013207 50.56625620945774 52.5019408852588 
0 0.4831474164427047 0.5091568198075722 0.010706564155841258 0.02003382441276408 -4.20854636188696 -2.313203805526882 -0.08638870459633541 1.8196114213395653 66.33228299371581 70.44797692055919 
0 0.6076444731241848 0.515297180109566 0.036107434140973615 0.02175377461344652 14.420847379899016 19.46731872137883 0.35575185826468925 2.026841726880156 54.202233042563215 56.373513597907355 
0 0.6150274816971977 0.5184374927500048 0.03616006391329252 0.018300748012840207 14.581841455377202 19.32349839525847 0.6991174498059951 2.000218202004873 50.76426304937879 52.72005883418117 
0 0.9246242773586296 0.5169497332519692 0.04697252116219963 0.02134271229995066 60.28925310859 64.81463972216025 0.4716671619728856 1.996901905266114 50.61222413670815 52.645773069837986 
0 0.04771172761590026 0.5153904889457058 0.04061038517747234 0.020099355223159643 -74.05429069824936 -72.26362084473763 0.4441530332257504 1.995766899716892 54.86022555904699 58.566803691927134 
0 0.6985510253705585 0.5162936675257179 0.03742087035123676 0.02333757837700723 26.641197413487845 32.28399817145977 0.35034169896652667 2.000198579990605 49.93661743074508 53.95072056744766 
0 0.5243795803291655 0.5212436976455508 0.04401193299588857 0.027235601828719647 0.2859153339714169 5.317466604262222 0.4592816913763018 1.9969819005316325 40.074175687640356 42.23241584106452 
4 0.5743168141412924 0.5191867791372509 0.004648384083342227 0.034299142904529734 7.860218167965897 8.385083441149561 0.11205177670908717 1.9720911094202922 38.00176692914213 38.52677073329025 
4 0.9624975638473028 0.626340856094149 0.05964784798386369 0.26487844764613905 6.540569817267425 6.919992684771827 -0.04282446520765193 1.8172038063084135 4.916916381221128 5.296477780110514 
