0 0.6581497737739447 0.5146199034963541 0.03755079520926485 0.02600524463768561 20.715052365764905 25.3218885586478 0.12004227342008855 1.9767158816247208 50.10413782617111 52.03982250197217 
0 0.48303171652441057 0.5092207554805963 0.010786341385142728 0.020173766846729724 -4.208518128876364 -2.313175572516286 -0.08642330037293533 1.8195768255629654 65.87016461042917 69.98585853727255 
0 0.6085552764931643 0.5154275076368986 0.03644719931650553 0.02194220154332116 14.420875612909612 19.467346954389427 0.3557172624880893 2.0268071311035563 53.740114659276585 55.911395214620725 
0 0.6160675087641083 0.5186048061399164 0.03652311637863104 0.01847204940942826 14.581869688387798 19.323526628269065 0.6990828540293952 2.000183606228273 50.30214466609216 52.25794045089454 
0 0.9251675394202828 0.5171052016664638 0.04742240177879831 0.021542642444231763 59.80425920954124 64.32947783070645 0.47163049649652966 1.9968694864932912 50.14754170366138 52.180712037992144 
0 0.03993743759815013 0.5156595094357704 0.041823372903612 0.0204619755725719 -74.05409514373983 -72.26334570968152 0.4440824955403555 1.9956925285571756 53.90410898394171 57.61072238589942 
0 0.7003332316035801 0.5164437669208382 0.03775123212698639 0.02355876904251697 26.64122564649844 32.28402640447037 0.35030710318992675 2.000163984214005 49.47449904745845 53.48860218416104 
0 0.5246625031317138 0.5214979911613683 0.04452291317566981 0.027558638930133217 0.28605047404275297 5.317253259936848 0.45983057591312426 1.9963591603923356 39.61207250668042 41.77029342797326 
4 0.5755386708478718 0.5193552621886159 0.004563812629559849 0.03460100172030589 7.924720425507289 8.443448618884872 0.11202692082831356 1.97206580688455 37.67015080401293 38.18901752837118 
4 1.0234394785386074 0.6436020556462226 0.06930511950333484 0.3010821889544535 6.557549032354274 6.984679549098544 -0.04286875364096421 1.8171631109372228 4.32567952865746 4.75294857665137 
