0 0.6953764748107549 0.5181104854654502 0.048101280435990934 0.03226900449496162 20.71550249397029 25.322338686853186 0.11931590028519157 1.9759895084898238 40.39990436569998 42.33558904150104 
0 0.4801711648177831 0.5108066169118066 0.012784132742685583 0.023641808648106166 -4.2080854053421035 -2.312768399629448 -0.08714973357350964 1.8188503934925828 56.165938400975946 60.281620302578126 
0 0.6833634197014264 0.5194897363850712 0.04764507545581953 0.024882709115008228 20.888196229553046 25.91621168009003 0.4599394351956205 1.9968383397799283 43.74040226123325 45.89103986168556 
0 0.6320113218612948 0.5187918278312571 0.04539423881824345 0.02682023374143916 14.421325741114998 19.467797082594814 0.35499088935319234 2.0260807579686593 44.035881198805455 46.207161754149595 
0 0.6432699104704611 0.5229882622042081 0.04624777046777806 0.02298982618709755 14.582319816593184 19.32397675647445 0.6983564808944982 1.9994572330933764 40.59791120562103 42.55370699042341 
0 0.939112078835971 0.5211710959284221 0.059393856632185105 0.026796647231089432 49.622639682810814 54.13726351247867 0.4709121614884515 1.9961386648594595 40.427039183150924 42.43623522970224 
0 0.7468631268780268 0.5203917910192213 0.04634195175771694 0.02941045094535444 26.641675774703828 32.284476532675754 0.34958073005502976 1.9994376110791081 39.77026558698732 43.78436872368991 
0 0.532627502475753 0.528373012575021 0.058988006205963894 0.03669544891189258 0.2864492714163305 5.317643721062183 0.4590965990366447 1.9956322244599152 29.907852937197376 32.06605483312285 
4 0.5980255282126334 0.5238271433204825 0.005362180759179047 0.04261190356196942 8.422941298344654 8.810337487248617 0.11149650864063809 1.9715256587106538 30.586351770637677 30.97388649088316 
4 0.8867141078710192 0.5258812322811489 0.011427102980925197 0.054174101138185604 26.57188944850367 26.960035203625054 -0.04140049730181028 1.8186287085757225 24.040747002141366 24.429031288602197 
