0 0.6975914533273351 0.5183189079272777 0.04874945597618108 0.03264339475636491 20.715530155766288 25.322366348649183 0.1192813065074223 1.9759549147120545 39.93781267918387 41.87349735498493 
0 0.4800106983028785 0.5108959256059236 0.012897672029475782 0.02383692734709275 -4.2080529858770035 -2.3127460397575987 -0.08718383535590779 1.818815309560811 55.70384884672703 59.81952648172076 
0 0.6852807249182506 0.5196955458511239 0.04822987923856714 0.025151840824337857 20.888223891349043 25.916239341886026 0.45990484141785126 1.996803746002159 43.27831057471714 45.42894817516945 
0 0.6333838497568989 0.5189891487902635 0.04592946153604205 0.02710716198571217 14.421353402910995 19.46782474439081 0.3549562955754231 2.02604616419089 43.573789512289345 45.745070067633485 
0 0.644887007548333 0.5232492668874279 0.046839689920243455 0.023260633112759832 14.582347478389181 19.324004418270448 0.6983218871167289 1.9994226393156072 40.13581951910492 42.0916153039073 
0 0.9399277926304348 0.5214132700769673 0.060111341754871206 0.027111247466860222 49.1378422125174 53.65196435534915 0.4708777674011402 1.9961041860478674 39.96562554107732 41.97369245516347 
0 0.749623919400518 0.5206278243364649 0.04684956658231387 0.029762325751619745 26.641703436499824 32.28450419447175 0.3495461362772605 1.9994030173013388 39.30817390047121 43.32227703717379 
0 0.5331371960994344 0.5288120946398256 0.059914969603814705 0.03728197217017726 0.28647693321232737 5.31767138285818 0.4590620052588754 1.995597630682146 29.445761250681265 31.60396314660674 
4 0.599084069065638 0.5240847957387651 0.005473544915926554 0.04307364837851502 8.424798353810218 8.807712155814386 0.11147196007830096 1.9715007763945533 30.25845062846618 30.64150296182428 
4 0.891633355221718 0.526380843918071 0.01172666088056995 0.05522199674281597 26.402013400305236 26.790159155426622 -0.04143458472262451 1.818594621154908 23.58454842204268 23.972832708503514 
