0 0.69985725302291 0.5185321982438315 0.049414875095044275 0.03302657326136371 20.715557817562228 25.322394010445123 0.11924671272965326 1.9759203209342855 39.47572099266776 41.41140566846882 
0 0.47984760873082655 0.510986730377299 0.013013281970831736 0.024035307193791433 -4.2080253240810634 -2.3127183779616587 -0.08721842913367683 1.818780715783042 55.24175716021091 59.35743479520464 
0 0.6872385665233798 0.5199057617750784 0.04882888579591682 0.025426853545546968 20.888251553144983 25.916267003681966 0.4598702476400822 1.99676915222439 42.81621888820103 44.96685648865334 
0 0.6347852295029828 0.5191906705969839 0.04647726782906336 0.027400292630505252 14.421381064706935 19.46785240618675 0.35492170179765403 2.0260115704131207 43.111697825773234 45.282978381117374 
0 0.6465410386224488 0.5235162828395488 0.04744673222725926 0.023537885834075012 14.582375140185121 19.324032080066388 0.6982872933389599 1.999388045537838 39.67372783258881 41.629523617391186 
0 0.9407610350650064 0.5216609984312095 0.060845825453849645 0.027433225371922165 48.65303917917154 53.166665765886265 0.4708433442632449 1.9960696792698893 39.50432154175615 41.51127362220981 
0 0.752447155815994 0.5208694061479515 0.04736842000029384 0.03012270588027588 26.641731098295764 32.28453185626769 0.34951154249949146 1.9993684235235698 38.8460822139551 42.86018535065769 
0 0.5336630595532609 0.529265016027507 0.06087152443366861 0.03788751894195708 0.2865045950082674 5.31769904465412 0.4590274114811064 1.9955630369043769 28.983669564165154 31.14187146009063 
4 0.6002076729151518 0.5243544971696459 0.005546876010016355 0.04355774694334136 8.426239226378428 8.809382654443752 0.11144680284157826 1.9714756362566195 29.922416240265697 30.305698199684336 
4 0.8967452218640911 0.5269001646965867 0.012041144494680633 0.05631123069006355 26.23214497975549 26.62029073487686 -0.041468672134146844 1.8185605337433854 23.12835000514817 23.516634291609005 
