0 0.702175512282502 0.5187505291433563 0.05009821539661585 0.03341885335956729 20.71557022406074 25.322406416943636 0.11921211893330064 1.9758857271379329 39.013628979743295 40.94931365554435 
0 0.47968173595513564 0.5110790685314588 0.013130971331791641 0.02423701750663476 -4.2080129175825505 -2.3127059714631457 -0.08725302293002946 1.8187461219866892 54.77966514728645 58.89534278228018 
0 0.6892381228835969 0.5201205274039761 0.049442604353714725 0.02570794223292805 20.888263959643496 25.91627941018048 0.4598356538437296 1.9967345584280374 42.35412687527656 44.50476447572888 
0 0.6362162598529754 0.5193965290288955 0.047038095849989636 0.027699829098068562 14.421393471205448 19.467864812685264 0.3548871080013014 2.0259769766167683 42.64960581284877 44.82088636819291 
0 0.6482331525359086 0.5237895204346525 0.04806947183638621 0.023821817119856092 14.582387546683634 19.3240444865649 0.6982526995426073 1.9993534517414855 39.211635819664345 41.16743160446672 
0 0.9416123386155966 0.521914478645747 0.06159786966032721 0.027762843101705514 48.167744096677765 52.68182394533885 0.4708090403922902 1.996035293408302 39.04206150724692 41.05003326115502 
0 0.7553348487410789 0.5211167348043768 0.04789889014479298 0.030491903204168724 26.641743504794277 32.284544262766204 0.34947694870313883 1.9993338297272172 38.383990201030635 42.398093337733215 
0 0.5342056946053203 0.5297324423135896 0.06185909860367289 0.038513029060604165 0.2865170015067804 5.317711451152633 0.45899281768475375 1.9955284431080242 28.52157755124069 30.679779447166165 
4 0.6013390019115566 0.5246279893360994 0.005641069268469634 0.044048308973935635 8.427814767850506 8.808978714265677 0.11142186428460032 1.9714505502965103 29.58930380489383 29.970606282667806 
4 0.9020608992043043 0.5274403849317256 0.01237163745371106 0.05744429956887487 26.0622613039083 26.450407059029686 -0.0415027595642532 1.8185264463132795 22.672151261845308 23.06043554830614 
