0 0.7045483677667415 0.5189740830121816 0.05080021424630188 0.033820565968477934 20.71559796745882 25.322434160341714 0.11917752486998401 1.9758511330746162 38.551533479402835 40.48721815520389 
0 0.4795131995881623 0.5111729798789475 0.01325078334573021 0.024442144295337587 -4.207985174184472 -2.3126782280650673 -0.08728761699334608 1.8187115279233725 54.317569646945984 58.433247281939714 
0 0.691281009857313 0.5203399936245485 0.05007159019284668 0.025995312330431286 20.888291703041574 25.916307153578558 0.45980105978041297 1.9966999643647207 41.8920313749361 44.042668975388416 
0 0.6376781541933161 0.5196068670841383 0.04761242603269045 0.028005985699094182 14.421421214603527 19.467892556083342 0.3548525139379848 2.0259423825534517 42.18751031250831 44.35879086785245 
0 0.6499649669762815 0.5240692017188868 0.04870853505912143 0.024112672873409458 14.582415290081713 19.32407222996298 0.6982181054792906 1.9993188576781689 38.749540319323884 40.70533610412626 
0 0.9424826192243133 0.5221739123715423 0.062368110637506025 0.028100359175003198 47.68244449082175 52.19699748190534 0.4707740931574602 1.9960013350919659 38.57988248765993 40.58891985915722 
0 0.7582895243717038 0.5213700198061031 0.04844137405060989 0.030870247357945857 26.641771248192356 32.28457200616428 0.3494423546398222 1.9992992356639006 37.921894700690174 41.93599783739276 
0 0.5347662978820162 0.5302150854865153 0.06287925831956664 0.039159509249890756 0.2865447449048588 5.317739194550711 0.4589582236214371 1.9954938490447076 28.05948205090023 30.217683946825705 
4 0.6024814124684201 0.5248964882235566 0.0056938474969133734 0.04453066537110195 8.430337644010208 8.81410126408835 0.11139789753260954 1.9714267771288216 29.2691768133863 29.653078964816043 
4 0.9075933396125966 0.5280027937194892 0.012719342599801675 0.05862390715455118 25.89239292415965 26.280538679281037 -0.041536847118549325 1.8184923587589832 22.21595093803863 22.60423522449946 
