0 0.7069774551113407 0.5192030460609454 0.051521605941924786 0.0342320491057061 20.715610373957333 25.322446566840227 0.11914293107363139 1.9758165392782636 38.08944146647838 40.02512614227943 
0 0.4793417428004838 0.5112685035068415 0.0133727877101395 0.02465077194137305 -4.207972767685959 -2.3126658215665543 -0.0873222107896987 1.8186769341270201 53.855477634021526 57.971155269015256 
0 0.6933683633205403 0.5205643130971496 0.050716387741591595 0.026289172123938 20.888304109540087 25.91631956007707 0.45976646598406035 1.9966653705683681 41.429939362011645 43.58057696246396 
0 0.6391716445848559 0.5198218293521839 0.048200724344416135 0.028318979464397986 14.42143362110204 19.467904962581855 0.35481792014163216 2.025907788757099 41.72541829958385 43.89669885492799 
0 0.6517375908366863 0.5243555530799349 0.049364541398028705 0.02441070458490191 14.582427696580226 19.324084636461492 0.698183511682938 1.9992842638818162 38.287448306399426 40.2432440912018 
0 0.94337235843893 0.5224395133982447 0.06315715934431643 0.028446074061185267 47.19714226382099 51.71215373917103 0.47073930929815844 1.995967542580408 38.117828262701515 40.127898696077175 
0 0.7613132175875463 0.5216294752109296 0.04899627693533304 0.03125807597474217 26.64178365469087 32.284584412662795 0.3494077608434696 1.999264641867548 37.459802687765716 41.473905824468304 
0 0.5353453834614368 0.5307136938228063 0.0639336001556513 0.03982802007054753 0.2865571514033718 5.317751601049224 0.4589236298250845 1.995459255248355 27.59739003797577 29.755591933901247 
4 0.6036614908538949 0.5251770835166143 0.005782360864090896 0.04503416157021156 8.43313564864954 8.815903145301263 0.11137341233394715 1.971402217755713 28.94212636952451 29.325032397530585 
4 0.9133555156215221 0.528588782608584 0.013085560564869092 0.05985297210701418 25.722509248312477 26.110655003433862 -0.041570934548655236 1.818458271328877 21.759752194735775 22.148036481196606 
