0 0.7094650983211979 0.5194376186643352 0.05226320766671311 0.03465366648872659 20.71563803575333 25.322474228636224 0.11910833729586212 1.9757819455004944 37.627349779962266 39.56303445576332 
0 0.4791674837162417 0.5113656819555343 0.013497031300500617 0.024862992319743205 -4.207945105889962 -2.3126381597705574 -0.08735680456746797 1.8186423403492507 53.39338594750542 57.50906358249915 
0 0.6955019257980595 0.5207936502504553 0.05137760683320902 0.02658974586776164 20.888331771336084 25.916347221873067 0.4597318722062911 1.9966307767905989 40.967847675495534 43.11848527594785 
0 0.6406980349790228 0.5200415715846332 0.0488035171739154 0.02863904410636231 14.421461282898036 19.467932624377852 0.3547833263638629 2.02587319497933 41.26332661306774 43.43460716841188 
0 0.6535527782914972 0.5246488181471465 0.05003818295488549 0.02471618283361976 14.582455358376222 19.32411229825749 0.6981489179051688 1.999249670104047 37.825356619883316 39.78115240468569 
0 0.9442828386055995 0.5227115037995118 0.06396514245385487 0.02880020549520046 46.711881768666544 51.22729575973587 0.47070288129511884 1.9959353218521336 37.655908112924564 39.666888381337024 
0 0.7644086761210755 0.5218953313687142 0.04956403277364596 0.03165575231115414 26.641811316486866 32.28461207445879 0.3493731670657003 1.9992300480897787 36.997711001249606 41.011814137952186 
0 0.5359442750082499 0.5312290770046488 0.06502390599957075 0.04051971014529454 0.2865848131993687 5.317779262845221 0.45888903604731524 1.9954246614705857 27.13529835145966 29.293500247385136 
4 0.6048673453484446 0.5254647286798771 0.005868958169025329 0.0455504024969724 8.435456857724574 8.817699930012338 0.11134887159260454 1.9713776379632344 28.614331503942946 28.99671310758651 
4 0.9193625800668948 0.5291998680318251 0.013471744311083222 0.06113467502201103 25.552640827762787 25.940786582884172 -0.041605021960178235 1.8184241839173545 21.303553777841262 21.691838064302097 
