0 0.712013298419023 0.519678009725429 0.053025856121494463 0.03508579742742557 20.715665697549326 25.32250189043222 0.11907374351809308 1.9757473517227253 37.165258093446155 39.10094276924721 
0 0.47899025316151056 0.5114645586630225 0.01362358318126633 0.025078899212484462 -4.207917444093965 -2.3126104979745605 -0.08739139834523701 1.8186077465714816 52.931294260989304 57.046971895983035 
0 0.6976831185089487 0.52102817557299 0.05205586525284145 0.02689726635245482 20.88835943313208 25.916374883669064 0.45969727842852204 1.9965961830128298 40.50575598897942 42.65639358943174 
0 0.6422582945254768 0.5202662552149797 0.04942133393060155 0.028966422074725218 14.421488944694033 19.46796028617385 0.35474873258609385 2.025838601201561 40.80123492655163 42.97251548189577 
0 0.6554119386943689 0.5249492507004114 0.050730165173027975 0.025029390009565056 14.58248302017222 19.324139960053486 0.6981143241273997 1.999215076326278 37.363264933367205 39.31906071816958 
0 0.9452147402510178 0.522990127713004 0.06479318246615151 0.029163217196794045 46.22664136035934 50.742429694310985 0.47066798592933146 1.9959014319831738 37.1940960143283 39.205920525995516 
0 0.7675783443209915 0.5221678285582367 0.05014509410799062 0.03206365584862014 26.641838978282863 32.28463973625479 0.3493385732879313 1.9991954543120096 36.535619314733495 40.54972245143608 
0 0.5365638038979202 0.5317620971219708 0.06615203403658176 0.04123580476681166 0.2866124749953656 5.317806924641218 0.4588544422695462 1.9953900676928167 26.67320666494355 28.831408560869026 
4 0.6060869127915212 0.5257590262618279 0.005973220384540068 0.04607829378955541 8.437266475587492 8.81726315659489 0.11132433848703482 1.9713529375739727 28.28663614110851 28.666771353477934 
4 0.9256302209688126 0.5298376979742814 0.013879482158696499 0.06247247241421394 25.382772407213096 25.770918162334482 -0.04163910937170057 1.8183900965058322 20.847355360946754 21.235639647407588 
