0 0.7146241665758639 0.5199244396814937 0.05381043746964598 0.035528842248867876 20.71567814484885 25.322514337731747 0.11903914957896666 1.975712757783599 36.703164173609515 38.63884884941057 
0 0.47880987568284256 0.5115651790195777 0.013752515711227375 0.025298590609423688 -4.20790499679444 -2.312598050675035 -0.08742599228436343 1.8185731526323554 52.46920034115267 56.5848779761464 
0 0.6999134366672766 0.5212680683694524 0.052751814704647515 0.02721197856215185 20.888371880431606 25.91638733096859 0.4596626844893956 1.9965615890737034 40.04366206914278 42.1942996695951 
0 0.6438534430000714 0.5204960499901091 0.05005473257522053 0.029301368424150764 14.421501391993559 19.467972733473374 0.35471413864696744 2.025804007262434 40.33914100671499 42.51042156205913 
0 0.657316559024322 0.5252571183860115 0.05144123429000513 0.02535062428521828 14.582495467471745 19.32415240735301 0.6980797301882733 1.9991804823871515 36.901171013530565 38.85696679833294 
0 0.9461685690208189 0.5232756396971135 0.06564229521868081 0.029535424982776615 45.74138341603968 50.2575320785038 0.4706337415379793 1.9958671265913683 36.73237679194365 38.74501343011901 
0 0.7708247991996492 0.5224472204174092 0.05073993744923344 0.03248218753654708 26.641851425582388 32.284652183554314 0.34930397934880486 1.9991608603728832 36.073525394896855 40.087628531599435 
0 0.5372048634891937 0.5323136787290224 0.06731997768749542 0.041977620119765136 0.2866249222948909 5.317819371940743 0.4588198483304198 1.9953554737536903 26.21111274510691 28.369314641032386 
4 0.6073173193271817 0.5260605496966524 0.006085993619687091 0.04661902516053995 8.437810876818247 8.814839241355187 0.1112997821037236 1.9713281601304316 27.958623307474028 28.335790203381215 
4 0.93217555893528 0.5305040707861185 0.014310531598029086 0.06387013617678211 25.212888772166934 25.60103452728832 -0.04167319694458027 1.8183560089329522 20.391154710731715 20.779438997192546 
