0 0.7173003105994299 0.5201771365376207 0.054617898086323224 0.03598321519003789 20.71570580664485 25.322541999527743 0.1190045558011974 1.9756781640058296 36.24107248709341 38.17675716289447 
0 0.4786264684172732 0.5116675885487546 0.013883879974026792 0.02552216473414176 -4.207877334998443 -2.3125703888790383 -0.0874605860621327 1.818538558854586 52.00710865463657 56.1227862896303 
0 0.7021948042237742 0.521513512705557 0.05346614943695127 0.02753413440211705 20.888399542227603 25.916414992764587 0.45962809071162636 1.9965269952959341 39.58157038262668 41.73220798307899 
0 0.6454849133655596 0.5207311300757484 0.05070430960065786 0.029644145174226644 14.421529053789556 19.46800039526937 0.35467954486919817 2.025769413484665 39.877049320198886 42.048329875543025 
0 0.659268599364053 0.5255726977165014 0.05217218742500418 0.025680194506303322 14.582523129267742 19.32418006914901 0.698045136410504 1.9991458886093822 36.43907932701446 38.39487511181684 
0 0.9471454829396937 0.5235682931246355 0.06651333098468937 0.029917160828361378 45.25614592208811 49.77264118259751 0.4705993901094385 1.9958327164619538 36.2707514144035 38.28416948255708 
0 0.7741511211294463 0.5227337694718193 0.05134905157833469 0.03291176321349798 26.641879087378385 32.28467984535031 0.3492693855710356 1.999126266595114 35.61143370838075 39.62553684508333 
0 0.5378689983216198 0.5328848037745804 0.06852990041169937 0.0427465572636343 0.2866525840908878 5.31784703373674 0.4587852545526505 1.995320879975921 25.749021058590806 27.907222954516282 
4 0.6085609495694884 0.5263594150531925 0.006154403183810331 0.0471558976094667 8.438485217289426 8.817517569056662 0.11127597894377672 1.971304506215993 27.640672235763304 28.019843118895253 
4 0.9390178972131453 0.5312009377869169 0.014766846134174894 0.06533175904485433 25.043020331216724 25.43116608633811 -0.04170728428471593 1.8183219215928164 19.934957247293305 20.323241533754135 
