0 0.720043942357047 0.5204363449995002 0.05544922418033982 0.03644936084239769 20.715718253944374 25.32255444682727 0.11896996186207098 1.9756435700667032 35.77897856725677 37.71466324305783 
0 0.4811887450061676 0.4966918578347799 0.013995352594659283 0.024315842285161815 -4.565693734317875 -2.2596913620040766 -1.4746168880732633 0.7853839855838849 61.90052971773795 67.00172499842199 
0 0.47843965250890685 0.5117718356129499 0.014017713822885691 0.025749726930769545 -4.2078759360167055 -2.3125771666196044 -0.08749520972473168 1.8185039349971759 51.545016327421266 55.6606901143155 
0 0.7045287482536617 0.5217647060757187 0.05419958715293849 0.027864004123185238 20.88841198952713 25.916427440064112 0.45959349677249994 1.9964924013568077 39.11947646279004 41.27011406324235 
0 0.6471537098415687 0.5209716823477102 0.05137067719386901 0.029995033435542662 14.42154150108908 19.468012842568896 0.35464495093007176 2.0257348195455385 39.414955400362246 41.586235955706385 
0 0.6612695796888732 0.5258962854286252 0.05292385216591866 0.026018432165549665 14.582535576567267 19.324192516448534 0.6980105424713776 1.9991112946702558 35.97698540717782 37.9327811919802 
0 0.9481460828968935 0.523868365101641 0.06740711168303692 0.030308777448084356 44.77089235026962 49.28771756669957 0.47056450797797544 1.9957988472584505 35.80921519116063 37.82337820566596 
0 0.7775600353689012 0.5230277575180013 0.05197296332196211 0.03335282929693373 26.64189153467791 32.28469229264984 0.3492347916319092 1.9990916726559875 35.14933978854411 39.1634429252467 
0 0.5385570680619378 0.5334765364176342 0.06978408727521834 0.043544136429555236 0.2866650313904131 5.317859481036265 0.4587506606135241 1.9952862860367946 25.286927138754166 27.445129034679642 
4 0.6098458845187287 0.5266709915851991 0.0062544225184480995 0.04771503926376175 8.43941297380701 8.817355367754786 0.11125174440333585 1.9712801905027673 27.3169603509019 27.695041276217406 
4 0.9461774864420758 0.5319304500501422 0.015250587060614107 0.0668618527194445 24.873136675770027 25.261282430891413 -0.04174137178620918 1.8182878340913236 19.478757550534354 19.867041836995185 
