0 0.722857921039646 0.5207023174717219 0.05630547327642588 0.036927737995446686 20.71574591574037 25.322582108623266 0.11893536808430172 1.975608976288934 35.31688688074066 37.25257155654172 
0 0.4810508474971343 0.4966707763863533 0.014107203777097066 0.024489888161858375 -4.565659139076587 -2.2596696606301805 -1.474645557810478 0.7853519343299178 61.43841463358213 66.53960403737103 
0 0.4782497386779315 0.5118779706864262 0.01415416762723759 0.025981384147915454 -4.207848274220709 -2.3125495048236075 -0.08752980350250095 1.8184693412194066 51.08292464090515 55.198598427799396 
0 0.7069173583019719 0.5220218504259075 0.0549528958765495 0.02820186459625018 20.888439651323125 25.91645510186011 0.4595589029947307 1.9964578075790385 38.65738477627393 40.80802237672624 
0 0.6488613833091841 0.521217897781697 0.05205449359958225 0.030354320899379394 14.421569162885078 19.468040504364893 0.3546103571523025 2.0257002257677694 38.952863713846135 41.124144269190275 
0 0.6633216425842126 0.5262281871873826 0.053697116529541455 0.026365679736932823 14.582563238363264 19.32422017824453 0.6979759486936084 1.9990767008924866 35.51489372066171 37.47068950546409 
0 0.9491717289026543 0.5241761453706744 0.06832459177617767 0.030710708090172623 44.28566741258456 48.802808088205865 0.47053027626326194 1.9957645620586133 35.34776578450402 37.362640449964466 
0 0.7810549183407068 0.523329475447057 0.052612210700254236 0.03380584767239403 26.641919196473907 32.28471995444583 0.3492001978541399 1.9990570788782183 34.687248102028 38.70135123873058 
0 0.5392708072682141 0.5340900074894972 0.07108503150690049 0.044371977128372264 0.28669269318641 5.317887142832262 0.45871606683575483 1.9952516922590253 24.824835452238055 26.98303734816353 
4 0.6111433429939621 0.5269901310648029 0.006368354304657653 0.048287519180235994 8.439365062701569 8.814931435111575 0.11122750811673443 1.9712557772573729 26.993220140264604 27.368925044048922 
4 0.9536772723887526 0.5326949507842997 0.015764168717489535 0.06846533189043424 24.703260627571595 25.09140638269298 -0.04177545920702341 1.8182537466705089 19.02255897043567 19.410843256896502 
