0 0.725744848777379 0.5209753235860906 0.05718775384258168 0.037418836800378275 20.715773577536368 25.322609770419263 0.1189007743065329 1.9755743825111651 34.85479519422455 36.79047987002561 
0 0.4780564416900964 0.5119860452175913 0.014293277018063266 0.026217248325030196 -4.207820612424712 -2.3125218430276107 -0.08756439728026977 1.8184347474416378 50.620832954389044 54.73650674128328 
0 0.7093624503749714 0.522285161138712 0.05572687469548676 0.028548011169957976 20.888467313119122 25.916482763656106 0.45952430921696186 1.9964232138012696 38.19529308975782 40.34593069021013 
0 0.6506091783360208 0.5214699800449869 0.0527564399230559 0.03072231441476181 14.421596824681075 19.46806816616089 0.35457576337453367 2.0256656319900004 38.490772027330024 40.662052582674164 
0 0.6654266272845671 0.5265687294225427 0.05449290839603038 0.026722303186104024 14.58259090015926 19.324247840040528 0.6979413549158395 1.9990421071147177 35.0528020341456 37.008597818947976 
0 0.9502232303427587 0.5244919313354113 0.06926669448204181 0.031123322984847324 43.800449927642404 48.31788839081942 0.4704953643002481 1.995730668434815 34.88640101655269 36.9019484627693 
0 0.7846389285294666 0.523639234085004 0.05326736967605472 0.03427131210924961 26.641946858269904 32.28474761624183 0.3491656040763711 1.9990224851004494 34.22515641551189 38.23925955221448 
0 0.5400114616527072 0.5347264415755618 0.07243538650980763 0.04523183580078349 0.2867203549824069 5.317914804628259 0.458681473057986 1.9952170984812565 24.362743765721945 26.52094566164742 
4 0.6124556404357768 0.5273199287067255 0.006489231694611131 0.04888009777890989 8.435414124014585 8.813433113759132 0.11120318438119958 1.971231350249824 26.666382010091418 27.044539531224885 
4 0.9615422236394198 0.5334970186884846 0.016310284551886323 0.07014760516953467 24.533399814270126 24.92154556939151 -0.04180954653786695 1.8182196593396656 18.566361670201424 18.954645956662254 
