0 0.7287074653383472 0.5212556474999175 0.05809724004174177 0.03792317394724465 20.715786024835893 25.322622217718788 0.11886618036740648 1.9755397885720387 34.39270127438792 36.328385950188974 
0 0.477859567086398 0.5120961133814996 0.01443512828827459 0.02645743630701408 -4.207808165125186 -2.3125093957280853 -0.08759899121939618 1.8184001535025114 50.158739034552404 54.274412821446646 
0 0.7118659280926158 0.5225548641209977 0.056522365549981024 0.028902753917473767 20.888479760418647 25.91649521095563 0.45948971527783544 1.9963886198621432 37.73319916992118 39.8838367703735 
0 0.6523983991822213 0.521728142692228 0.05347723286773365 0.03109933595298109 14.4216092719806 19.468080613460415 0.35454116943540726 2.025631038050874 38.02867810749339 40.19995866283753 
0 0.6675864698131232 0.5269182558874301 0.05531220905102363 0.02708868853757307 14.582603347458786 19.324260287340053 0.6979067609767131 1.9990075131755913 34.59070811430897 36.54650389911134 
0 0.9513019324795605 0.5248160473945814 0.07023379663337459 0.03154698246818022 43.3152528481361 47.832931815214664 0.47045888312050477 1.9956984218000813 34.42512961991699 36.44122314124308 
0 0.7883153884813954 0.5239573611679934 0.053939045401606434 0.034749743904059605 26.64195930556943 32.284760063541356 0.3491310101372447 1.998987891161323 33.76306249567526 37.77716563237784 
0 0.5407803735340062 0.5353871570839884 0.07383801037174365 0.04612560725641823 0.2867328022819322 5.3179272519277845 0.4586468791188596 1.99518250454213 23.90064984588531 26.058851741810784 
4 0.6138971983281969 0.5276671440514171 0.0065663396388823125 0.049502982983906096 8.437665957254254 8.813239524563201 0.1111779306430476 1.9712062003195578 26.33097253005986 26.706684628743087 
4 0.9697989315339666 0.5343395034383353 0.016891936369970995 0.07191464951795251 24.363508571975743 24.75165432709713 -0.04184363419142567 1.818185571686107 18.110159903326128 18.49844418978696 
