0 0.7317490709245233 0.5215435846557015 0.05903518821200715 0.03844128687058668 20.71581368663189 25.322649879514785 0.11883158658963722 1.9755051947942694 33.93060958787181 35.86629426367286 
0 0.4806246361784523 0.4966059326435546 0.01445364273024874 0.0250273742743764 -4.565568096647581 -2.2596221890160564 -1.4747350968428121 0.7852566706469861 60.05207108055431 65.15324119743231 
0 0.47765922553393975 0.5122082297482524 0.014579784928802186 0.026702065726856627 -4.2077805033291895 -2.3124817339320884 -0.08763358499716545 1.8183655597247421 49.696647348036294 53.812321134930535 
0 0.7144301674367239 0.5228311923988082 0.05734026633181066 0.02926641322586576 20.888507422214644 25.916522872751628 0.4594551215000662 1.996354026084374 37.27110748340507 39.42174508385739 
0 0.6542308002844264 0.5219926058913527 0.05421763901606147 0.03148571787845744 14.421636933776597 19.468108275256412 0.354506575657638 2.0255964442731047 37.56658642097728 39.73786697632141 
0 0.669803632364228 0.5272771235509446 0.05615606842609855 0.02746523773054832 14.582631009254783 19.32428794913605 0.6978721671989438 1.998972919397822 34.128616427792856 36.084412212595225 
0 0.9524090186213636 0.525148838409753 0.07122743436023349 0.03198230565725524 42.83007631382246 47.347968323948336 0.47042400254363215 1.9956645739005816 33.96392749548568 35.980502782595146 
0 0.7920881927715726 0.5242841977052577 0.05462786192312452 0.03524168658921878 26.641986967365426 32.28478772533735 0.3490964163594754 1.9989532973835538 33.300970809159146 37.31507394586173 
0 0.5415796597701847 0.5360735652681262 0.07529607324052023 0.04705532479936192 0.2867604640779291 5.317954913723781 0.45861228534109033 1.9951479107643608 23.4385581593692 25.596760055294673 
4 0.5629535560215566 0.5171885928932987 0.004003040193998664 0.030711546159646663 7.420837318405233 7.933633973625518 0.11238407621982427 1.972422527611639 42.43678324909907 42.94971843531598 
4 0.6153440137909842 0.5280194331928874 0.006672610128009904 0.05013546505271782 8.437937122457754 8.813332781165514 0.11115308512419575 1.9711813360133057 25.99905901388177 26.37459320398588 
4 0.978478415196248 0.5352255211506409 0.017512515588089972 0.07377300073832227 24.193647758674274 24.58179351379566 -0.04187772152226965 1.818151484355263 17.65396260309188 18.042246889552715 
