0 0.7348725843502715 0.5218394524166573 0.06000291576565664 0.038973752923511684 20.715826133931444 25.32266232681434 0.1187969926505108 1.975470600855143 33.46851566803517 35.40420034383622 
0 0.48047820563341115 0.4965837791775666 0.014572913001141996 0.025211833656727134 -4.565548157807001 -2.25961637548005 -1.4747648167216307 0.7852257803016305 59.58995734947602 64.69112133496091 
0 0.4774551116846772 0.5123224531258453 0.014727348279149566 0.026951263385381896 -4.207768056029636 -2.3124692866325347 -0.08766817893629186 1.8183309657856157 49.23455342819966 53.350227215093895 
0 0.7170571483494022 0.5231143960107494 0.05818151068851285 0.02963933288869014 20.888519869514198 25.91653532005118 0.45942052756093976 1.9963194321452475 36.809013563568435 38.95965116402075 
0 0.6561076990892273 0.5222636058762344 0.0549784501667796 0.03188181681430813 14.42164938107615 19.468120722555966 0.3544719817185116 2.0255618503339785 37.10449250114064 39.27577305648478 
0 0.6720801373309654 0.5276457157787056 0.0570255834566904 0.027852382625238925 14.582643456554337 19.324300396435603 0.6978375732598174 1.9989383254586957 33.666522507956216 35.62231829275859 
0 0.9536310242176795 0.5254840806155698 0.07225710696893073 0.03242281951226489 42.353223429152024 46.87144544720168 0.4700966226586196 1.9957499577373972 33.50276435540736 35.51977338515312 
0 0.7959609049781267 0.5246201100956875 0.055334491739881364 0.035747724363450084 26.64199941466498 32.284800172636906 0.349061822420349 1.9989187034444273 32.838876889322506 36.852980026025094 
0 0.5424106796217099 0.5367872030840326 0.0768128484510201 0.04802320637255619 0.28677291137748284 5.317967361023335 0.4585776914019639 1.9951133168252344 22.97646423953256 25.134666135458037 
4 0.6168096060694208 0.5283824151520418 0.006794735919509631 0.05078755611535468 8.435727360259392 8.812789129921725 0.1111282473198687 1.971156373536369 25.665611358396788 26.042811659450745 
4 0.9876132540787292 0.5361585515409357 0.018175820328357628 0.07572995724867976 24.023771751276882 24.411917506398268 -0.04191180908585723 1.818117396791675 17.19776211608102 17.586046402541854 
