0 0.7380816508092842 0.5221435800727783 0.06100183764119338 0.03952117143983458 20.71585379572744 25.322689988610335 0.11876239887274154 1.9754360070773738 33.006423981519056 34.94210865732011 
0 0.48032962820126757 0.49656134109949995 0.014694137777783 0.025399034918323182 -4.565512367738677 -2.259595922390673 -1.474794894658295 0.7851945330834371 59.12784613879599 64.22900341882341 
0 0.4772473328254582 0.5124388423223163 0.014877887725514682 0.0272051560011336 -4.207740394233639 -2.312441624836538 -0.08770277271406113 1.8182963720078464 48.77246174168354 52.88813552857779 
0 0.7197494676320013 0.5234047320571822 0.05904709840874667 0.030021867096018173 20.888547531310195 25.91656298184718 0.4593859337831705 1.9962848383674783 36.346921877052324 38.49755947750464 
0 0.65803100664598 0.522541385404768 0.05576051761702494 0.03228799976758312 14.421677042872147 19.468148384351963 0.3544373879407423 2.025527256556209 36.64240081462453 38.81368136996867 
0 0.6744186964974539 0.5280244297923727 0.057921932697001854 0.02825057204780035 14.582671118350333 19.3243280582316 0.6978029794820482 1.9989037316809264 33.204430821440106 35.16022660624248 
0 0.9553710101853419 0.525829284302378 0.07335295356551053 0.03295633389458785 41.92279614775076 46.442324704445156 0.4679080558297779 1.997194260748282 33.041594340495884 35.058801192862205 
0 0.7999378239936106 0.5249654788346706 0.05605962588360647 0.03626846531792416 26.642027076460977 32.2848278344329 0.34902722864257973 1.998884109666658 32.376785202806396 36.390888339508976 
0 0.5432758194459386 0.5375297180461708 0.07839197660570119 0.049031635959434716 0.28680057317347973 5.317995022819332 0.45854309762419465 1.9950787230474651 22.51437255301645 24.672574448941926 
4 0.6182982863878523 0.5287559417689927 0.006925707281701277 0.05145875830402047 8.431908971369623 8.811239878542963 0.11110323274702161 1.9711314973425755 25.33125115527736 25.710720593835912 
4 0.9972404112317966 0.5371424249730642 0.018886144391169646 0.07779355292464585 23.85389568267793 24.242041437799315 -0.04194589643528501 1.8180833094422475 16.741564489438424 17.12984877589926 
