0 0.744770304390794 0.5227780449110424 0.0630993260553554 0.04066346885155403 20.715893904822963 25.322730097705858 0.11869321115584608 1.9753668193604783 32.08223837516631 34.01792305096737 
0 0.4768199336716328 0.5126783716280996 0.015188297321363287 0.027727572290128566 -4.207700285138117 -2.3124015157410156 -0.08777196043095659 1.818227184290951 47.8482761353308 51.96394992222504 
0 0.725339576896876 0.5240079135544846 0.06085554656392611 0.03081731215931771 20.888587640405717 25.9166030909427 0.45931674606627504 1.9962156506505828 35.42273627069957 37.573373871151894 
0 0.6620233512688267 0.5231183329291014 0.05739201412863926 0.03313220559948038 14.42171715196767 19.468188493447485 0.35436820022384685 2.025458068839314 35.718215208271786 37.889495763615926 
0 0.6792917986189676 0.5288139468624198 0.05980016467852467 0.029082034770360088 14.582711227445856 19.324368167327123 0.6977337917651527 1.998834543964031 32.28024521508736 34.23604099988974 
0 0.9612340317845873 0.5265545200209573 0.07575185632085335 0.03402856749346861 41.27273325934121 45.792940168155056 0.4647536588056509 1.9992512962187727 32.11928117537511 34.13414592045625 
0 0.8082209908070928 0.5256862383905933 0.05756840861377743 0.03735670131375746 26.6420671855565 32.284867943528425 0.3489580409256843 1.9988149219497626 31.452599596453652 35.46670273315623 
0 0.5451162409709938 0.5391087104148051 0.08175327351142425 0.0511807738995822 0.28684068226900195 5.318035131914854 0.4584739099072992 1.9950095353305697 21.590186946663707 23.74838884258918 
0 0.4840029527493664 0.45816812351892866 0.009500281188787763 0.020029872235458823 -4.844534101270426 -2.6427841187840784 -6.306520357654059 -3.6499089569206307 79.99919423970722 85.49728813237748 
4 0.6214709310605293 0.529540705605867 0.007148175422606595 0.05286766145853938 8.429538314823574 8.80742051229798 0.111052733184823 1.9710808887595004 24.656675672815425 25.03469640167913 
