0 0.7482577591294961 0.5231091419058322 0.06420118148560272 0.0412597360917335 20.715921566618903 25.322757759501798 0.11865849816878771 1.97533210637342 31.620146688659126 33.55583136446018 
0 0.47986979355173415 0.49649228477588947 0.015070156410342816 0.025977663907844672 -4.5654365847096585 -2.259563685525734 -1.4748827916636473 0.7850977056979787 57.7415030044514 62.84264053476099 
0 0.47660009064956244 0.5128016398163731 0.015348292650948114 0.027996377323010913 -4.207683145802065 -2.312393574544444 -0.08780673332213573 1.8181924119601582 47.38618628135823 51.5018557390686 
0 0.7282428028863196 0.524321344747132 0.06180069358974882 0.031231034869618313 20.888615302201657 25.91663075273864 0.45928203307921667 1.9961809376635244 34.96064458419239 37.11128218464471 
0 0.6640962594329634 0.5234180534647619 0.058243379859366895 0.0335710685805789 14.42174481376361 19.468216155243425 0.3543334872367885 2.025423355852255 35.2561235217646 37.42740407710873 
0 0.6818320528214541 0.5292256652272865 0.060784773055536756 0.029516349357619154 14.582738889241796 19.324395829123063 0.6976990787780943 1.9987998309769726 31.818153528580172 33.773949313382545 
0 0.964990016285685 0.5269414740921712 0.07702336028866208 0.03449506231214661 41.013071656475006 45.53141075871319 0.46584126682701643 1.998449826117365 31.65812856422838 33.67024027719492 
0 0.8125366012511994 0.5260625088177155 0.05835364678060373 0.03792561033948483 26.64209484735244 32.284895605324365 0.3489233279386259 1.9987802089627043 30.990507909946466 35.004611046649046 
0 0.546096546001508 0.5399492336565835 0.08354434487218088 0.05232737506869878 0.286868344064942 5.318062793710794 0.4584391969202408 1.9949748223435113 21.12809526015652 23.286297156081993 
0 0.4838095432096393 0.4585552215077924 0.009610777591745112 0.020487261502281973 -4.846862236842242 -2.6417174323046595 -6.215618571401523 -3.5365157678355184 79.03237074956617 84.53427904905145 
4 0.6231507318979927 0.5299503210212797 0.007267152581018954 0.0536031371140856 8.429989709501129 8.807299168801165 0.11102730673967476 1.9710554192148517 24.318629649474985 24.696077640165953 
