0 0.751845959976828 0.5234500352927611 0.06534080847474266 0.04187374965374269 20.715934013918428 25.322770206801323 0.11862390422966107 1.9752975124342933 31.158052768822486 33.09373744462354 
0 0.47971166023739775 0.4964686735449475 0.01519977166995673 0.026176474329425492 -4.565416009092303 -2.259558446984016 -1.474912631341321 0.7850666967369 57.27938956051861 62.380520385189 
0 0.47637602693385234 0.5129273417529767 0.015511726094228906 0.02827044907890186 -4.20767069850254 -2.312381127244919 -0.08784132726126237 1.8181578180210316 46.92409236152159 51.03976181923197 
0 0.731221732951257 0.5246430945543241 0.0627747517012267 0.031656006706918816 20.888627749501183 25.916643200038166 0.45924743914009003 1.9961463437243978 34.498550664355754 36.64918826480807 
0 0.666222796340447 0.5237256728692526 0.05911986551957238 0.03402170715694042 14.421757261063135 19.46822860254295 0.35429889329766184 2.0253887619131286 34.79402960192796 36.9653101572721 
0 0.6844452193705641 0.5296493548325762 0.061801663199227974 0.029963803892607888 14.582751336541321 19.324408276422588 0.6976644848389677 1.998765237037846 31.356059608743536 33.31185539354591 
0 0.9690157663560529 0.5273415428822485 0.07833883927113106 0.03496206283907666 40.767988827477595 45.28390273476046 0.46735345058672895 1.9973541750757193 31.196915867792008 33.20554237764505 
0 0.8169746297246263 0.526450013012752 0.05916059162021614 0.03851206808401786 26.642107294651964 32.28490805262389 0.34888873399949927 1.9987456150235776 30.528413990109826 34.54251712681241 
0 0.5471201529338362 0.540826787176474 0.08541560384921221 0.053526385505913376 0.2868807913644673 5.31807524101032 0.4584046029811142 1.9949402284043847 20.66600134031988 22.824203236245356 
0 0.4836133590597981 0.45895648118186294 0.009724511727584761 0.020954727821755836 -4.848871284216642 -2.640377942750945 -6.1242905434108845 -3.4227943662906064 78.06867063612123 83.57419938410197 
4 0.6248274364129804 0.530359716817792 0.007386694764070945 0.05433823978008767 8.430299638468242 8.80704264599737 0.11100265674457632 1.9710308068999525 23.989898484739854 24.366780023661534 
