0 0.7555396484474608 0.5238011602472781 0.06652014138346096 0.04250630723143478 20.715961675714425 25.32279786859732 0.11858931045189203 1.9752629186565243 30.695961082306383 32.63164575810744 
0 0.479551108373638 0.4964447508226135 0.015331616739024112 0.02637832820168029 -4.565380858635564 -2.259537404980449 -1.4749416570091254 0.7850342867296929 56.81727857714467 61.918402951114544 
0 0.4761477334209251 0.5130555457275358 0.015678627030986658 0.02854993997155142 -4.207643036706543 -2.312353465448922 -0.08787592103903141 1.8181232242432626 46.462000675005484 50.577670132715866 
0 0.7342796495073265 0.5249734930467596 0.0637790456568007 0.03209268787484609 20.88865541129718 25.916670861834163 0.459212845362321 1.9961117499466288 34.036458977839644 36.187096578291964 
0 0.6684053578901302 0.5240415021416218 0.06002259116051856 0.03448459669322557 14.421784922859132 19.468256264338947 0.3542642995198928 2.0253541681353595 34.33193791541186 36.503218470755996 
0 0.6871348011724594 0.5300855388303543 0.06285243216214031 0.030424997836662304 14.582778998337318 19.324435938218585 0.6976298910611987 1.9987306432600769 30.89396792222743 32.84976370702981 
0 0.97326302548929 0.5277524589579186 0.07971146519098549 0.03545789502021235 40.53125277305516 45.04643957919721 0.4685104368456192 1.9964963822325876 30.733933736603362 32.74240025861672 
0 0.8215406545811421 0.5268492558126574 0.05999014531122515 0.039116890898886814 26.64213495644796 32.28493571441989 0.3488541402217302 1.9987110212458086 30.066322303593722 34.0804254402963 
0 0.5481905055021579 0.5417438631571101 0.08737258539677473 0.05478146032194908 0.2869084531604642 5.3181029028063165 0.45837000920334514 1.9949056346266156 20.203909653803777 22.36211154972925 
0 0.48341854851570487 0.45935545330671734 0.009839229532894567 0.021385695013227624 -4.850474404802981 -2.638865494017523 -6.033341668979977 -3.3140237438412363 77.12856987592939 82.6370373100973 
4 0.6265881215045892 0.5308019725806811 0.00755060887249448 0.05513333185668445 8.425932431949931 8.805872217300134 0.11097683394047175 1.9710051443577277 23.644424101399892 24.02450241813358 
