0 0.7593433901709224 0.5241629862786068 0.06774123211755745 0.04315826480587537 20.715989337510422 25.322825530393317 0.1185547166741232 1.9752283248787554 30.233869395790272 32.16955407159133 
0 0.47938798769541424 0.49642051562420586 0.015465750987321114 0.026583327281900937 -4.565345626464534 -2.2595162818736583 -1.474970600016921 0.7850020357217484 56.35516376222451 61.45628169645441 
0 0.4759149736117545 0.5131863278110586 0.015849116248758233 0.02883501376278913 -4.207615374910546 -2.312325803652925 -0.08791051481680023 1.8180886304654937 45.99990898848937 50.11557844619975 
0 0.737419594213748 0.525312895530921 0.06481496868175829 0.032541570744355375 20.888683073093176 25.91669852363016 0.45917825158455217 1.99607715616886 33.57436729132353 35.72500489177585 
0 0.6706460419008864 0.5243658761157265 0.06095272909546079 0.03496024560653299 14.421812584655129 19.468283926134944 0.354229705742124 2.025319574357591 33.869846228895746 36.04112678423988 
0 0.6899040388162176 0.530534780755376 0.0639387687000722 0.030900574769020528 14.582806660133315 19.32446360001458 0.6975952972834298 1.998696049482308 30.431876235711318 32.38767202051369 
0 0.9776888114204599 0.5281748477705375 0.08113941417070314 0.035982151123162165 40.29820417718247 44.814259116759374 0.46930159110994807 1.9958935641794429 30.269266636382355 32.28072872131687 
0 0.8262401412995786 0.5272607816849648 0.06084327577933346 0.03974095598001448 26.642162618243958 32.284963376215885 0.3488195464439614 1.9986764274680398 29.60423061707761 33.61833375378019 
0 0.5493106122273559 0.5427032014669277 0.08942130034898044 0.05609662172332186 0.2869361149564611 5.318130564602313 0.4583354154255763 1.9948710408488468 19.741817967287666 21.90001986321314 
0 0.4832296733321289 0.45971184388305375 0.009950068406401669 0.02180068632815879 -4.851832498185303 -2.636748201822769 -5.949900763465239 -3.21410506587919 76.2290779499935 81.74036568528399 
4 0.6283128408232328 0.5312372476813654 0.007698232789666304 0.05591554812592503 8.421738868719686 8.803245421885421 0.11095210178549508 1.9709805301149677 23.314047107678224 23.695692192223007 
