0 0.4799955096734436 0.4841685004747168 0.011510558370002033 0.024829065331132105 -4.736337600016668 -2.580325176698608 -2.6988203692499155 -0.3053253792761428 62.26835096930054 67.20181468647519 
0 0.7632620286200404 0.5245360120732608 0.06900627380579982 0.0438305318521679 20.716001784809947 25.322837977692842 0.11852012273499657 1.9751937309396288 29.771775475953632 31.707460151754685 
0 0.47922214593757173 0.4963959592897056 0.015602232584711662 0.0267915412656215 -4.565325053754407 -2.259511029337318 -1.4749996264359697 0.7849696261464936 55.89305083261542 60.99416174200907 
0 0.4756775016614477 0.513319767188897 0.01602332005756646 0.029125840880917686 -4.2076029276110205 -2.3123133563533997 -0.08794510875592687 1.818054036526367 45.53781506865273 49.653484526363115 
0 0.7406447752682168 0.5256616770549336 0.06588399955753566 0.03300317565544231 20.8886955203927 25.916710970929685 0.45914365764542553 1.9960425622297333 33.11227337148689 35.26291097193921 
0 0.6729470602620002 0.5246991480912634 0.061911521745936615 0.035449190820892484 14.421825031954654 19.46829637343447 0.35419511180299734 2.0252849804184643 33.407752309059106 35.579032864403246 
0 0.6927563688958422 0.5309976785714903 0.065062474353072 0.03139121901813968 14.58281910743284 19.324476047314107 0.6975607033443032 1.9986614555431814 29.969782315874678 31.925578100677054 
0 0.9822583063600364 0.5286098160560337 0.08261826586016041 0.03653257054220882 40.06559145928422 44.58277199973837 0.46983829082179196 1.9954683037610714 29.80422351703165 31.81896654124287 
0 0.4779153821152965 0.5055670973332982 0.014154603950537081 0.025755034967282597 -4.259803354794428 -2.3530639712121797 -0.5715960333726375 1.3509776275379533 51.10991857614381 54.92553118559697 
0 0.8310788809331526 0.5276851693466165 0.06172100695416549 0.04038519716535671 26.642175065543483 32.28497582351541 0.34878495250483477 1.9986418335289131 29.14213669724097 33.15623983394355 
0 0.5504837696495932 0.5437078015511055 0.09156833496334393 0.05747628515082681 0.2869485622559864 5.318143011901839 0.4583008214864497 1.9948364469097202 19.279724047451026 21.4379259433765 
0 0.4830489350929027 0.46002103927170634 0.010054590681882025 0.022145853413126748 -4.853076557396463 -2.633865099730997 -5.8718910973545055 -3.126391827576347 75.37768199108497 80.89125158070874 
4 0.6301381917176447 0.5317070529247012 0.007881582003727128 0.0567605804738569 8.414103620952972 8.799915651515462 0.11092616094997854 1.9709549133295678 22.9675217592245 23.353472321153845 
