0 0.47985002758738154 0.48405728324458064 0.01160438348136672 0.025000078488143396 -4.736318377217998 -2.580286858293931 -2.6988445208827527 -0.30535056365156255 61.806206444533956 66.73967748452328 
0 0.7673011754559755 0.5249207621309937 0.07031762739244429 0.044524065368972576 20.716029446605944 25.32286563948884 0.11848552895722753 1.9751591371618598 29.30968378943752 31.245368465238577 
0 0.47905369947302634 0.49637107822416365 0.015741132285502057 0.02700307595324991 -4.565290455449542 -2.2594893440945896 -1.4750297040416087 0.7849383780276096 55.430935234268226 60.532040585777295 
0 0.47543540513061944 0.5134559443267411 0.01620133863045764 0.029422594416913084 -4.207575265815024 -2.312285694557403 -0.08797970253369591 1.818019442748598 45.07572338213663 49.191392839847005 
0 0.7439590045209636 0.5260202285277222 0.06698772170816292 0.03347804594556891 20.8887231821887 25.916738632725682 0.4591090638676565 1.9960079684519643 32.65018168497079 34.8008192854231 
0 0.675311182084962 0.5250416860890665 0.06290030180148454 0.035951992398719046 14.421852693750651 19.468324035230467 0.3541605180252283 2.0252503866406952 32.945660622542995 35.116941177887135 
0 0.6956959204570721 0.5314748603175208 0.0662254873273519 0.031897651471439414 14.582846769228837 19.324503709110104 0.6975261095665342 1.9986268617654124 29.50769062935857 31.463486414160947 
0 0.9869459517689212 0.5290576462740493 0.08415658070316667 0.037108019080779875 39.83108761655633 44.34926045691721 0.47015032180072636 1.9952102304764348 29.339510282292096 31.356889631300756 
0 0.8360634621047436 0.52812302805388 0.06262440686836734 0.04105059976628589 26.64220272733948 32.28500348531141 0.3487503587270657 1.998607239751144 28.68004501072486 32.69414814742744 
0 0.5517143846400765 0.5447609383178766 0.09382097042764082 0.05892528689503873 0.2869762240519833 5.318170673697836 0.45826622770868064 1.9948018531319511 18.817632360934915 20.97583425686039 
0 0.48287817940089406 0.46027459991801234 0.010149079368049485 0.02243601151233915 -4.854037598621915 -2.6298408492548617 -5.800994050102476 -3.0506138850794904 74.57395065342882 80.08975489867498 
4 0.632087560587959 0.5321892353809732 0.008006076712476662 0.05762600284185826 8.413823551189083 8.796801544464785 0.11090035252714303 1.970928891599439 22.62276537085054 23.00588189550112 
