0 0.7714663332521612 0.5253178017396756 0.07167781300231468 0.045239896971359106 20.716057149202953 25.322893342085848 0.11845093503668469 1.975124543241317 28.847590196009236 30.78327487181029 
0 0.4788824935863708 0.49634586372357925 0.015882488657798566 0.027217948284819826 -4.565254628129708 -2.2594688332898727 -1.4750584763024324 0.7849056876544827 54.96882275519613 60.06992100485239 
0 0.47518842767250563 0.5135949455864727 0.016383309083701225 0.029725460174472695 -4.207547563218014 -2.3122579919603936 -0.08801429645423875 1.8179848488280552 44.61362978870834 48.72929924641872 
0 0.7473658892946127 0.5263888828609614 0.0681278109979786 0.033966939543612185 20.888750884785708 25.91676633532269 0.45907446994711365 1.9959733745314214 32.1880880915425 34.33872569199482 
0 0.677740898788947 0.5253938853690291 0.06392047355193597 0.03646925205091178 14.42188039634766 19.468351737827476 0.35412592410468546 2.0252157927201524 32.48356702911471 34.65484758445885 
0 0.6987266020808666 0.5319670024806572 0.06742987031968939 0.032420649543317026 14.582874471825846 19.324531411707113 0.6974915156459913 1.9985922678448695 29.04559703593028 31.001392820732658 
0 0.9917443652355296 0.5295162721996667 0.0857519822997701 0.03771369408723302 39.59328076287767 44.112717580826825 0.4699489877626606 1.995418365660587 28.874749155718607 30.894675726081648 
0 0.8412004422089739 0.5285750147752167 0.06355462659383582 0.04173822717476372 26.64223042993649 32.285031187908416 0.3487157648065229 1.9985726458306012 28.217951417296575 32.232054553999156 
0 0.553006502217986 0.5458662319788701 0.09618718301840123 0.06044898694737311 0.28700392664899255 5.318198376294845 0.4582316337881378 1.9947672592114083 18.35553876750663 20.513740663432102 
0 0.48271601804215136 0.460476537055188 0.010233644947346743 0.022688279635794895 -4.854972682993122 -2.6244287688446946 -5.736934751607038 -2.984736497838897 73.80896254365626 79.32718437348468 
4 0.634062232007471 0.5326836118859153 0.00816333329742247 0.05851421659058531 8.411007947878872 8.794282235261164 0.1108746712209765 1.9709032325933864 22.27971040674164 22.663123225497962 
