0 0.7757634615226161 0.5257277259557414 0.07308952054759443 0.045979113145265815 20.71608481099895 25.322921003881845 0.11841634125891565 1.9750899494635479 28.385498509493125 30.321183185294178 
0 0.4787084589174926 0.4963203122644007 0.016026383803870392 0.02743627300231133 -4.565218841595993 -2.259448362533078 -1.4750871297804955 0.7848731172055998 54.50671218313366 59.60780333071013 
0 0.47493642140792325 0.513736858530744 0.016569361667674698 0.03003462642933441 -4.2075199014220175 -2.3122303301643967 -0.08804889023200779 1.8179502550502862 44.15153810219223 48.2672075599026 
0 0.750869343684885 0.5267681514117395 0.0693060406306395 0.03447031904172537 20.888778546581705 25.91679399711869 0.4590398761693446 1.9959387807536524 31.72599640502639 33.87663400547871 
0 0.6802389596923566 0.5257561576790613 0.06497352120143096 0.037001597514131235 14.421908058143657 19.468379399623473 0.3540913303269164 2.0251811989423834 32.0214753425986 34.19275589794273 
0 0.7018526949567614 0.5324748160999593 0.068677820313928 0.0329610329693284 14.582902133621843 19.32455907350311 0.6974569218682223 1.9985576740671005 28.58350534941417 30.539301134216547 
0 0.9966563876089269 0.5299909217644379 0.08740358910651469 0.038342137673930465 39.3519340067443 43.87268509977976 0.4698233727026282 1.9955134705394804 28.409625068255597 30.43237786361218 
0 0.8464968736110559 0.5290418218024246 0.06451286930497813 0.04244920262763041 26.642258091732486 32.28505884970441 0.34868117102875384 1.9985380520528322 27.755859730780465 31.769962867483045 
0 0.5543648400793391 0.54702765198572 0.09867575903088632 0.06205328251381259 0.28703158844498944 5.318226038090842 0.45819704001036876 1.9947326654336393 17.89344708099052 20.051648976915992 
0 0.48256062014911666 0.46064788280171975 0.01030765415032009 0.022896588732155887 -4.855937924200873 -2.6172997195897096 -5.675990846011453 -2.9260568621834095 73.06972839708145 78.59061699773494 
4 0.6360738043833226 0.5331946537289226 0.00834153492322054 0.05943290769583642 8.405809709013567 8.791034755959117 0.11084892352564313 1.970877631723734 21.935765120752418 22.32112869906648 
