0 0.7801987774513985 0.5261511745216307 0.07455564414557392 0.046742882270379926 20.716097217497463 25.322933410380358 0.11838174746256258 1.9750553556671948 27.923406496568667 29.859091172369723 
0 0.47853142787393504 0.4962944141512361 0.016172912666957306 0.027658136690584756 -4.565199502210078 -2.2594419159854056 -1.4751159013020165 0.7848404257694781 54.04459689672194 59.145682090393095 
0 0.47467911299431387 0.5138817762947588 0.016759645222624575 0.030350293445059462 -4.2075074949235045 -2.3122179236658837 -0.08808348402836086 1.8179156612539331 43.689446089267776 47.80511554697815 
0 0.7544733895011366 0.5271585103264234 0.07052430459806125 0.034988821900375 20.888790953080218 25.9168064036172 0.45900528237299154 1.9959041869572993 31.263904392101935 33.41454199255425 
0 0.682808141767675 0.5261289434606118 0.06606102653715318 0.03754970064640395 14.42192046464217 19.468391806121986 0.35405673653056335 2.02514660514603 31.559383329674144 33.73066388501828 
0 0.7050786136583853 0.5329990650043482 0.06997169613060128 0.03351968378213921 14.582914540120356 19.324571480001623 0.6974223280718692 1.9985230802707474 28.121413336489717 30.077209121292093 
0 1.001688829310409 0.5304823329336569 0.08912232942109866 0.038992380439227814 39.10752540201345 43.62930386721652 0.4697730804393938 1.9955063722044524 27.94477339557754 29.969789462260756 
0 0.4771077937597221 0.5057824484578614 0.014724934365844378 0.02669996478896125 -4.259688063384317 -2.3529840645075524 -0.5717220653755255 1.3508496481576437 49.26146164288704 53.07705688795339 
0 0.8519601424793735 0.5295241939016797 0.06550042526677369 0.04318473594618377 26.642270498231 32.285071256202926 0.3486465772324008 1.9985034582564791 27.293767717856007 31.30787085455859 
0 0.5557924657862944 0.5482495193985022 0.1012962035981968 0.06374185223981721 0.286945261593587 5.3181162778518 0.45820052091750196 1.9946604912954655 17.43135649983089 19.58955864066633 
0 0.48240900266002257 0.46080230336501893 0.010376515195827496 0.02308838819271014 -4.856488961321389 -2.6091170135704544 -5.617217793752979 -2.8711115963840346 72.34460226450219 77.8683316898522 
4 0.6382726914974722 0.5337330006407501 0.00847979282093081 0.06039908841338115 8.407283100274356 8.788942377761487 0.11082266594895684 1.970851105772477 21.585014280783486 21.966812089649224 
