0 0.47924616257897007 0.483596379011046 0.011995306454207433 0.025708365466642735 -4.736257858274229 -2.580148246714657 -2.6989413187981306 -0.3054490906347964 59.957627506387226 64.8911283264625 
0 0.7847794619033907 0.5265888293092473 0.0760793295201656 0.04753245015978347 20.716124920094472 25.322961112977367 0.11834715354201997 1.9750207617466522 27.46131290314038 29.396997578941434 
0 0.47835151829842504 0.4962681655541096 0.016322095702670347 0.027883658129915112 -4.565163671205312 -2.25942142225216 -1.4751459793760624 0.7848091784081099 53.58248377938301 58.68356226705873 
0 0.4744165748228718 0.5140297945718032 0.016954218395744347 0.03067266809817798 -4.2074755853588215 -2.3121941901058847 -0.08811810807433718 1.8178810378526609 43.22735441491232 47.34302002443009 
0 0.7581827799529499 0.5275604546780173 0.07178465177884608 0.03552314062015649 20.888818655677227 25.91683410621421 0.4589706884524489 1.9958695930367567 30.801810798673646 32.95244839912596 
0 0.6854518766038528 0.5265127083982888 0.06718470381756392 0.038114272556091344 14.42194816723918 19.468419508718995 0.35402214261002074 2.0251120112254877 31.097289736245855 33.268570291589995 
0 0.7084096143438685 0.5335405623527776 0.07131406068886303 0.034097543320438684 14.582942242717365 19.324599182598632 0.6973877341513266 1.9984884863502048 27.659319743061427 29.615115527863804 
0 1.006854674248998 0.5309911066204323 0.09090639449266547 0.0396645737416117 38.86046487888024 43.38319260423522 0.469747757717351 1.995457201102789 27.479880384788775 29.50707086073697 
0 0.47689659125175743 0.5058389242966446 0.014874695716466324 0.02694714942003351 -4.259654584554141 -2.3529605813543526 -0.5717539791068287 1.3508177347782984 48.79934579874421 52.61493629540841 
0 0.8575986534187717 0.5300229255989646 0.06651865983237548 0.04394612015292654 26.64229820082801 32.285098958799935 0.34861198331185816 1.9984688643359365 26.83167412442772 30.8457772611303 
0 0.5573596017192717 0.5495378267050013 0.10406977085361413 0.06555824823949652 0.2899763969973037 5.321399473267974 0.45777388558555066 1.995013321875288 16.969217453579073 19.127423347865175 
0 0.4822578290898455 0.46094855060803275 0.010446312784004708 0.023285182810403426 -4.856563236950535 -2.600676151884926 -5.560233867988871 -2.817552013831012 71.62654300197595 77.15308678535214 
4 0.6404957360295873 0.5342836352106586 0.008653549987511333 0.061388376321845906 8.406115874911563 8.787555775175392 0.1107966505492437 1.970825073862428 21.237502362435002 21.619080794078076 
