0 0.4790894211178128 0.48347697682922186 0.012097134720221558 0.025891739492513943 -4.7362542841558195 -2.580124584647848 -2.6989641926099672 -0.3054731695543791 59.495482395197946 64.42899106199039 
0 0.7895123630573067 0.527041414423863 0.07766389530396489 0.04834914040209193 20.716137326592985 25.32297351947588 0.11831255974566712 1.9749861679502994 26.999220890215916 28.934905566016973 
0 0.47816846286682 0.496241558421462 0.016474040632515508 0.028112902740492107 -4.5651430538751185 -2.259416146893585 -1.4751763477290996 0.7847782514912263 53.12036828688454 58.221440156537305 
0 0.47414840009534753 0.5141810151947637 0.01715338066997535 0.0310019668709276 -4.2074631788603085 -2.3121817836073717 -0.08815270187069002 1.817846444056308 42.765262401987854 46.88092801150563 
0 0.7620018316323683 0.5279745054537796 0.07308921311192074 0.03607400523949855 20.88883106217574 25.916846512712723 0.4589360946560961 1.9958349992404039 30.339718785749184 32.4903563862015 
0 0.6881730961057815 0.5269079422723086 0.06834632427692544 0.038696062114130014 14.421960573737692 19.468431915217508 0.3539875488136679 2.025077417429135 30.635197723321394 32.80647827866553 
0 0.7118505077259718 0.53410017045422 0.07270760490987083 0.03469561276014277 14.582954649215878 19.324611589097145 0.6973531403549738 1.998453892553852 27.197227730136966 29.153023514939342 
0 1.0121680481113025 0.5315176174552131 0.09276248996770886 0.04036040892903081 38.61141042747023 43.13495523490286 0.4697471758876073 1.9953740904320687 27.01507176827114 29.044171880563013 
0 0.47668133755694797 0.5058965244557811 0.015027526299890404 0.027198944005801196 -4.25963774240293 -2.352951935536737 -0.5717849622165625 1.350785777406992 48.33723123315063 52.152817558499486 
0 0.8634205484944808 0.5305388615108012 0.06756901844597707 0.044734732760616236 26.64231060732652 32.28511136529845 0.3485773895155053 1.9984342705395837 26.369582111503256 30.38368524820584 
0 0.5591248575335402 0.5508972627025523 0.10701468677677917 0.06748886759951356 0.29850799293629393 5.330148100238318 0.45721392493513435 1.9954988695018567 16.50716405502373 18.665062057852992 
0 0.482105875241007 0.46109244850120323 0.010518552906416456 0.023493904924824782 -4.856206923990385 -2.5920548157729115 -5.504452014093752 -2.7642604688471692 70.91160961062889 76.44093043923272 
4 0.6427627007730669 0.5348539146128958 0.008851128248515083 0.0624135986074994 8.40228451994345 8.785307540880794 0.11077056830155296 1.9707991107627734 20.889093268271395 21.272254820583502 
