0 0.47893037512236664 0.4833558083865235 0.01220068710333122 0.026077778407079977 -4.736235048839802 -2.5800862352189995 -2.6989900574682157 -0.3054974182303063 59.03333542084814 63.96685164900614 
0 0.7944056394262082 0.5275097105593854 0.07931299284172033 0.049194380443786656 20.71616502919005 25.323001222072946 0.11827796582512429 1.9749515740297565 26.53712729678763 28.472811972588687 
0 0.4779823760755154 0.4962145852381536 0.016628812762895795 0.028345903420800345 -4.5651078639370155 -2.259395057454668 -1.4752047466163174 0.7847453994889526 52.658255645026294 57.759320909562355 
0 0.47387465116088634 0.514335543063678 0.017357204736279663 0.03133841632129741 -4.207435476263242 -2.3121540810103056 -0.08818729579123286 1.8178118501357652 42.303168808559576 46.41883441807734 
0 0.7659358671326775 0.5284012212998637 0.07444032793215538 0.03664219926517853 20.888858764772806 25.91687421530979 0.45890150073555325 1.995800405319861 29.8776251923209 32.02826279277321 
0 0.6909756314012098 0.5273151701038274 0.06954783881259652 0.03929587258682288 14.421988276334758 19.468459617814574 0.35395295489312506 2.025042823508592 30.173104129893108 32.344384685237245 
0 0.7154072503784176 0.5346788181701294 0.07415529128436771 0.03531497253002158 14.582982351812944 19.32463929169421 0.6973185464344309 1.9984192986333091 26.73513413670868 28.690929921511056 
0 1.0176474439438659 0.5320627116862353 0.09469350630132412 0.04108095657691402 38.3611211553814 42.88544395550295 0.4697545470169111 1.9952773971302449 26.55020607154848 28.581157348112406 
0 0.47646213588139813 0.5059552682995732 0.015183478801884753 0.027455493492758443 -4.2596045547824986 -2.3529289435977887 -0.5718165416399694 1.3507532240298588 47.87511559499207 51.690696799289896 
0 0.8694353571366717 0.5310729129510947 0.06865304937382799 0.04555206204146445 26.642338309923588 32.285139067895514 0.3485427955949625 1.9983996766190408 25.90748851807497 29.921591654777554 
0 0.5613651598782274 0.5523430563367131 0.11021535949494565 0.0696263910021776 0.32419909419223814 5.3590309738697215 0.455758917770118 1.9968731926475949 16.04192112031283 18.20552389235564 
0 0.48195154222728054 0.461238289304086 0.010596972019306927 0.023714176476701487 -4.855231921170656 -2.5837999101796925 -5.449160888747318 -2.710729911531462 70.1972065006167 75.72901860019697 
4 0.6450388864554102 0.5354122093969355 0.00900537113202493 0.0634159146121851 8.403411991760763 8.783587858606467 0.11074586555467159 1.9707741937386747 20.55911337987735 20.939427778105873 
