0 0.7994673452196492 0.5279945467164489 0.0810304964399341 0.050069686843913774 20.716192690985963 25.323028883868858 0.11824337204735524 1.9749169802519875 26.07503561027152 28.010720286072573 
0 0.47779308025070955 0.49618724278856735 0.01678649360036527 0.028582828154095963 -4.565072631058371 -2.2593739366068633 -1.4752336693574448 0.7847136279251421 52.19614072395367 57.297199614207315 
0 0.4735950277140261 0.514493486632691 0.017565864308210055 0.03168224936292985 -4.207407814467331 -2.312126419214394 -0.0882218895690019 1.8177772563579961 41.84107712204346 45.95674273156123 
0 0.7699899489276859 0.5288411893633682 0.07584044396500356 0.03722854783087404 20.888886426568718 25.9169018771057 0.4588669069577842 1.995765811542092 29.415533505804785 31.5661711062571 
0 0.6938629821054323 0.5277349433389593 0.07079127767560511 0.03991454891201418 14.42201593813067 19.468487279610486 0.353918361115356 2.025008229730823 29.711012443376994 31.88229299872113 
0 0.7190855638564492 0.5352774902767725 0.07566024964775653 0.035956771872665994 14.583010013608856 19.324666953490123 0.6972839526566619 1.99838470485554 26.273042450192566 28.228838234994942 
0 0.4762387682971627 0.5060152060723593 0.015342671461563373 0.02771694713884376 -4.259571116734691 -2.352905501266804 -0.5718480976006344 1.3507216684211572 47.413001657772874 51.22857811359162 
0 0.8756525763439629 0.5316260487683473 0.06977238892205107 0.046399694028714134 26.6423659717195 32.285166729691426 0.34850820181719344 1.9983650828412718 25.44539683155886 29.45949996826144 
0 0.5642965769987218 0.553872582814353 0.11367261566078113 0.0719290911359145 0.3766276481954378 5.413843592235082 0.4537962922255241 1.998747811270357 15.577913159214123 17.74422279862371 
0 0.48179496095330965 0.46138889009173234 0.010679129253852448 0.0239470221333003 -4.853893566886256 -2.5754247922166087 -5.3939990381418434 -2.656584890141205 69.4816380823778 75.0158677923244 
4 0.6474241798121718 0.5360058571641013 0.009202757255246108 0.06448288835688665 8.401516596602676 8.782127704440967 0.11072042722616127 1.9707487881653367 20.219309453547822 20.600059092767694 
