0 0.804706165271607 0.5284968176053053 0.08282061264355234 0.050976696911320674 20.716205097484476 25.32304129036737 0.1182087782510024 1.9748823864556346 25.612943597347062 27.548628273148115 
0 0.4776003947237025 0.4961595117229303 0.016947164144428983 0.028823773686581178 -4.565052096108047 -2.259368739408046 -1.4752641046481694 0.784682022773795 51.734029187189606 56.835081371354676 
0 0.4733092139714542 0.5146549611696731 0.01777954421728367 0.03203371353685225 -4.207395407968818 -2.312114012715881 -0.08825648336535474 1.8177426625616433 41.378985109119 45.49465071863677 
0 0.7741695060902286 0.5292950393848508 0.07729219863967218 0.03783393684291281 20.88889883306723 25.916914283604214 0.45883231316143136 1.9957312177457391 28.953441492880327 31.104079093332643 
0 0.6968389009834308 0.5281678532151715 0.07207882563401868 0.04055299766868459 14.422028344629183 19.468499686109 0.3538837673190032 2.02497363593447 29.248920430452536 31.420200985796672 
0 0.72289161623776 0.5358972485234803 0.0772258720493102 0.036622252427859214 14.583022420107369 19.324679359988636 0.697249358860309 1.9983501110591873 25.810950437268108 27.766746222070484 
0 0.47601100224263615 0.5060763622978971 0.015505212906112953 0.02798343198606451 -4.259552974181588 -2.352897355029711 -0.5718799517925115 1.3506898152948743 46.950889301129166 50.766461008366875 
0 0.8820824326357771 0.5321993155089111 0.0709287955768041 0.04727934450438254 26.642378378218012 32.28517913618994 0.3484736080208406 1.998330489044919 24.9833048186344 28.997407955336982 
0 0.5682399866404462 0.555491105234122 0.1174360326932049 0.07434687726940459 0.468128601500041 5.506032197547228 0.4520479058557261 2.000415699430237 15.115259105034621 17.280515957758873 
0 0.48163510952846167 0.46154556883389286 0.010767257736823466 0.02419053538928423 -4.852057319389502 -2.567360798970668 -5.33866802164035 -2.6017988737997637 68.76427153486844 74.30068392790213 
4 0.5968481763995908 0.517790965385261 0.0052132263244516475 0.037194239805186435 9.524546623530028 9.968874853695226 -0.04031412527793243 1.8197190362730384 35.01579604811559 35.460262809481556 
4 0.6498611458983241 0.5366216572222118 0.009423472402341981 0.06559032578126534 8.397027365970715 8.77968745684943 0.1106949066267473 1.9707234217728278 19.878401708046866 20.261200330301364 
