0 0.8101320097839813 0.5290174825420553 0.08468793391665985 0.05191716697294091 20.716232800081542 25.323068992964437 0.11817418433045979 1.974847792535092 25.150850003918777 27.08653467971983 
0 0.47740442611616213 0.49613139538754786 0.017110910947041647 0.02906882649042164 -4.565016820182279 -2.2593475891827666 -1.475294301623131 0.7846506553238355 51.27191196907714 56.37295802111004 
0 0.4730172545965261 0.5148200868320206 0.017998402704792194 0.032393066806849724 -4.207367705371752 -2.312086310118815 -0.08829107728589736 1.8177080686411007 40.916891515690715 45.032557125208484 
0 0.7784808449080018 0.529763440664454 0.07879845277675723 0.03845930937547137 20.888926535664297 25.91694198620128 0.45879771924088875 1.9956966238251965 28.49134789945204 30.641985499904358 
0 0.699907907059512 0.5286145277715831 0.07341285530616337 0.041212182995372215 14.42205604722625 19.468527388706065 0.35384917339846056 2.0249390420139273 28.78682683702425 30.958107392368387 
0 0.7268326154756346 0.5365392297555212 0.07885585871236345 0.037312747424052106 14.583050122704435 19.324707062585702 0.6972147649397664 1.9983155171386446 25.348856843839823 27.3046526286422 
0 0.4757789246981554 0.5061387817797334 0.0156712142558339 0.028255085435125282 -4.259521319893025 -2.352872897352455 -0.5719111734598299 1.35065761909207 46.48877099422292 50.3043390049391 
0 0.8887364566867204 0.5327938365257363 0.07212414020061031 0.04819285893478553 26.64240608081508 32.285206838787005 0.348439014100298 1.9982958951243763 24.521211225206116 28.535314361908696 
0 0.5731347191498368 0.5572079389201174 0.12152905867823505 0.07681409857844601 0.5917977344813039 5.629503536172479 0.45150797158401956 2.0008859162766073 14.652287813014063 16.81625254099611 
0 0.48147898949265855 0.4617087284254979 0.010871401549263193 0.024445011111900616 -4.84982712637273 -2.5591148690747616 -5.283148476286007 -2.5463485517248055 68.04496746647865 73.5834956913548 
4 0.597344500381725 0.5180372321334734 0.005289288693459793 0.03771061126583436 9.441171485581762 9.88549971574696 -0.04034998816512192 1.819683173385849 34.53632465256261 34.98079141392857 
4 0.6523841032359619 0.5372399169721513 0.009599023537611884 0.06670043341783716 8.398539532559369 8.778120556916619 0.11067015333280761 1.9706984367510714 19.54774741311161 19.92746696885336 
