0 -0.04286188330073929 0.5621758456156463 0.1632358426345168 0.07513414210994074 -26.690798685590785 -22.568436422868974 0.6101898807904056 2.1030067162572776 14.748740686844949 17.421359016319762 
0 0.30595086354335843 0.5228965278833009 0.035883851398779865 0.02527528354244124 -25.657958979197637 -23.065498643979844 0.6863924572777171 2.1048551776730737 41.43843288452546 46.9809612272426 
0 0.34154680621852995 0.5161406802745424 0.0177350752671126 0.018276656493966703 -28.61607421814424 -26.083016361773844 0.6245952825411485 2.109034112303204 58.32981031510498 62.77721188495848 
0 0.2799445541779285 0.5150375631047911 0.030960895862864102 0.015595901651618949 -45.121889074509234 -40.1714700384629 0.7159695223343556 2.171650706601911 66.56278908616694 69.3320329129925 
0 0.24745885571734222 0.5150859379836389 0.02947234372808294 0.015922582757682324 -50.42871222726794 -45.98218225727167 0.686766760203056 2.1673787841907854 65.64198061013514 68.16175865845048 
0 0.3659369584986255 0.5130538094787711 0.023226594837600145 0.011726627046177884 -33.310668759533584 -28.338338653250347 0.8406086566369826 2.142724987840536 79.27671568646208 81.95040056557716 
0 0.31539928474586143 0.5123391061043402 0.024497024594292094 0.01957580024226746 -38.40776161173959 -34.273689321351 0.2548874674086079 2.1418648457139216 67.74328974361015 70.26788278134003 
4 0.5347901534041395 0.5219032640249404 0.006107082040642919 0.04347729924292465 2.7377036541156095 3.271881974839502 0.007116078028078121 1.8692890054564437 29.971871050095082 30.498417705042122 
4 0.9548029901262 0.5341613487540428 0.01843626304060364 0.079991826679854 21.21582136002279 21.606393941567827 -0.13583781863060462 1.7257186661680803 16.294358246040083 16.677297840318076 
4 0.6366808897267526 0.5279585906750927 0.007511323139456683 0.05934580363916542 8.407138924796978 8.93137112389736 -0.054512481257571466 1.8076216761905173 21.94603804472616 22.462638502818564 
