0 -0.04303733689219899 0.5621602247313251 0.16332282485611255 0.07513349985775875 -26.706084694808908 -22.581484130119122 0.6100797443893591 2.10286374367757 14.750099456302365 17.429041231888863 
0 0.31712523760564715 0.522505802316463 0.034854429711544455 0.02487869562829015 -24.49981059600063 -22.022386715351324 0.6821426309435057 2.0995343340924575 42.04022753429683 47.5489276747194 
0 0.35087159819013347 0.5160139552106359 0.01754951383749981 0.01821167245348887 -27.034122201305344 -24.593320684689036 0.6181979637159856 2.1022316194276507 58.521617476424375 62.94252845294844 
0 0.2904925742118326 0.5148341943527548 0.030306502031190785 0.015443805205547556 -43.38904359223301 -38.46835380111503 0.7085657211991445 2.1640818076839303 67.15856924150016 69.82455485423628 
0 0.2587877782331281 0.5148504082035648 0.028731966459511454 0.015735933027308135 -48.72091479954217 -44.30107137380429 0.6794396013749169 2.1598361789501332 66.36633840453752 68.79355120858438 
0 0.37288396575480887 0.5129450470375982 0.023054583053506994 0.011709871997816923 -31.766387251475102 -26.82071722446981 0.8311311466392941 2.1348522088522492 79.51240992645484 82.08153253066706 
0 0.32523985457182286 0.5121862568482123 0.024088498457442098 0.019446918213103737 -36.65073829443291 -32.54751817927988 0.24743695065263238 2.1342514976260287 68.17792883771516 70.61771536950737 
4 0.5465635340590627 0.5222985232865519 0.006251367899453464 0.04444108679443293 3.6673035642305507 4.202951327586781 0.003297945994394258 1.8654727004316192 29.32171856690568 29.849749019403752 
4 0.9981837764635914 0.5362360906895532 0.02084309231245096 0.08512290179988818 21.84385317286897 22.2409711437473 -0.13828896286152004 1.7233259416791893 15.299854088232358 15.68935361786832 
4 0.6478365619552271 0.528665162066655 0.007780992421956734 0.060970735088483385 8.866805254203634 9.393818828826422 -0.05634661330515334 1.8057949171440775 21.361086537864207 21.88048273809633 
