0 -0.049273329736143776 0.5625023907589207 0.16639646815077372 0.07573868169538756 -26.942844780738998 -22.78228757313256 0.6115495515328881 2.104618738370796 14.66569624071284 17.45054657417209 
0 0.481720291961643 0.5197419137768342 0.02582215556680295 0.022778039262199568 -4.052259129260705 -0.7694941531042829 0.5893820133503622 2.0158176765426172 44.98538050568165 50.68048465957879 
0 0.5003543272179363 0.5154441643683272 0.016967762198201286 0.018963390314136963 -1.3075629512507412 1.5124239277002367 0.5101591952747855 1.995552330184193 55.8533411879094 60.36852038389552 
0 0.44736802417979593 0.5130371619108973 0.025292918276695275 0.014679377971674734 -13.212905822735648 -8.176866369884381 0.582547162869778 2.0396906483488557 69.65920690020485 72.79946551182599 
0 0.42192364149609196 0.5126234188976746 0.02252781256143016 0.014773383140488039 -18.440001676242847 -13.92173485170349 0.5535586096294514 2.034611267462944 71.1946954487294 74.0186417848097 
0 0.5728227058882253 0.5124969290008803 0.02043422204045786 0.013697760445553486 13.341863946277172 17.9003545227824 0.6173431569124666 2.0319796817985405 73.54120225192997 76.53892942754118 
0 0.5310017602539859 0.511212014408488 0.017659498806258167 0.014099938747688334 4.870609134722805 8.850078529955407 0.46773879375505545 1.9823174776591577 76.00145722232654 78.69596925553562 
0 0.47715674698807353 0.5109034012842288 0.021584349826013705 0.019357736083020716 -6.641962133163913 -2.4083232119263407 0.12235509254735688 2.0101348386269753 68.12544892790586 70.97504985100461 
4 0.8701579365662468 0.5401660383040616 0.014115422187959248 0.08540988796304894 16.136486644935815 16.667487412296836 -0.05609117072926795 1.8060722351550205 15.252557672139634 15.775888937925835 
4 1.0060778407070825 0.5590733067489447 0.024388385421297065 0.1280492519116619 14.806769671651658 15.343432774550372 -0.07312971453067174 1.7890594441304066 10.170802982730027 10.699796642213368 
