0 -0.04867387608232796 0.5625447369716047 0.16621139159444415 0.07570010360063262 -26.946553637124047 -22.78345893908036 0.6139038564297665 2.1073561043228226 14.681438787977726 17.473670507126222 
0 0.5106168135643693 0.5198096959437116 0.02569154477846486 0.02330279633640231 -0.28606105391506986 3.3103855149526105 0.5755433450807359 1.998690506308709 44.302165161205245 50.02647528695942 
0 0.5279788723845822 0.5156488792996141 0.01737483298632536 0.019516016226757138 3.023223546553684 6.1004286594906 0.49005305119787224 1.9768574089034159 54.28028094945875 58.83478966509595 
0 0.4739127796019279 0.5129882165176094 0.025365428643323362 0.014878801732424174 -7.779907278450532 -2.7036068347977675 0.5595729622875087 2.017408191194076 68.72132386944281 72.14728555582583 
0 0.448523921414263 0.5124881109409498 0.022344398435550306 0.014898874057131084 -12.889897493588169 -8.33335831353361 0.5306986494546337 2.0123294457556646 70.67070616530958 73.75179349706163 
0 0.5980222515699531 0.5126206883230077 0.021517172043841737 0.014190614865447593 18.036796142680604 22.64605573836315 0.5858693772354069 1.9992892267037035 70.99911077683316 74.24971581219944 
0 0.5535901392854724 0.5112277016460882 0.018247823505848526 0.014407377416029932 9.567686756397148 13.599837166480771 0.4429516174803887 1.9525111792962646 74.17227638731536 77.08032462412537 
0 0.5039963484006801 0.5108909199641576 0.02192480888257392 0.019752028331133098 -1.3539393455707476 2.92955657545512 0.09937860700009504 1.9878090177513494 66.76606407261967 69.84607118441508 
4 1.0012902442659288 0.5495162404696818 0.01918845346616327 0.10625955773181311 17.658723784017322 18.18573926577722 -0.06431428012063911 1.7978844223389665 12.258464938987585 12.777624727831775 
4 0.6228796639244949 0.5221346659642092 0.0065146846626535915 0.045175834908849966 9.985775885928767 10.411773697584724 -0.01870638749610043 1.8430481764099318 28.853200936006814 29.271342079223984 
