0 -0.04945392955335559 0.5623537593417027 0.1658936865791138 0.07552028247302511 -26.996816019089923 -22.841197788002667 0.6114192454909602 2.1043299176070147 14.702158825790834 17.471913529749344 
0 0.5711718862954189 0.5203312036621863 0.026392381491965433 0.024574374098272345 7.124633991886181 11.312197091192864 0.5416074381876297 1.970537380120247 42.130413787863944 47.83627643249156 
0 0.6111949073378755 0.5092415703378741 0.01146733053362925 0.012307554863435155 25.96246691577129 29.56430432429293 0.390359236946479 1.8806300190372913 85.2134095011882 89.49568584125515 
0 0.5860752798195291 0.5164533114930574 0.018795043743892625 0.021093479666987713 11.184264208226463 14.71773795948388 0.45558968692987123 1.943864982689429 50.2386195060443 54.79844496554707 
0 0.5272232253240605 0.5131081495627199 0.026408792165581008 0.015615742839660829 2.7170171290248213 7.791813599854169 0.5162342663072412 1.9733944081474242 65.69924240271402 69.63227939775763 
0 0.5010098982381836 0.5124211801872935 0.022746899260493447 0.01542735665179007 -2.0825650484173295 2.477548102340961 0.4838209564794822 1.9678671552672957 68.43087858850856 71.96838294483854 
0 0.6301028160770192 0.5118665898297583 0.028903982410803497 0.014903807191910978 24.637152449210692 29.624460251274837 0.4783561233265545 1.9439723129404434 70.43954193470768 75.89204578040768 
0 0.5480564386570989 0.5119698719015733 0.023413356375623806 0.012460432673085386 7.990120028224528 13.053104853425982 0.6383677589432466 1.9501049712658036 74.78381388501958 78.64084306235434 
0 0.6888629049086223 0.5122224512510674 0.030260220329946685 0.018529509317298354 33.50238396120123 38.97159340577582 0.2931856595237623 2.000744124484215 65.18438706255927 69.42324596882143 
0 0.5590741422636635 0.5111053572137103 0.023439571196356423 0.020948818007809344 8.756777010965394 13.070029439844287 0.05824129813453638 1.9462291322367484 62.9468850456778 66.43080052656767 
4 0.7141480401303291 0.5266336664775043 0.008892300235709527 0.05533550949771465 14.312732980143831 14.717578541425336 -0.034869702603628205 1.826781528091376 23.53588055711712 23.933088714237417 
