0 -0.04970162109955468 0.5623477509674539 0.1658814329477853 0.07550540334663614 -27.00874406198193 -22.85418317511576 0.6114300027160238 2.104322069438619 14.70419447514288 17.470733439596366 
0 0.5818758109695781 0.5204730079706259 0.026655603373894943 0.02484990523550301 8.34037223623459 12.621285457212345 0.536323195736258 1.9652470311448766 41.66003977490305 47.35156095342129 
0 0.596380480793314 0.5166359907582404 0.019126516405397975 0.02143407421407617 12.4785854556552 16.080731324700466 0.4499577315391936 1.938510321788577 49.45553101155421 54.00698108136947 
0 0.536328029099506 0.5131601345882166 0.026709968048871713 0.01577932805001525 4.416611717898462 9.480896283714245 0.5092207924120999 1.96632284010924 65.05416052984812 69.06346181123536 
0 0.5098478451487757 0.5124397300699688 0.0229164017332793 0.015551781077161153 -0.32161724370502753 4.229792682480479 0.4763216558517376 1.9607333012401278 67.91021533831824 71.51637054093034 
0 0.6400493272012748 0.5119387726538378 0.029086127584694532 0.015124907777351315 26.519440027336238 31.2024236620954 0.4693996510368972 1.936651547921004 69.51784437123256 75.122790922452 
0 0.7016806693676721 0.5124127147644584 0.031367734103081135 0.018949475731921406 35.18488219837697 40.64267823809366 0.28573581736795983 1.994531452803102 63.79269040565709 68.11428492085683 
0 0.5686456342527553 0.5111695984284386 0.0238174888440269 0.021208753598755736 10.379934122687601 14.68942626189326 0.051533603531666916 1.9394935075195183 62.174959629517566 65.71891168263294 
4 0.7701811609826195 0.539234501828508 0.011086718610895274 0.044167098392134285 15.999903904781057 16.47403408931811 0.5207206872806085 1.8226446112699801 20.808202940510682 21.2769995480485 
4 0.7326135430503014 0.52767537869125 0.00950086719948473 0.05766171185308122 14.931675154367625 15.347155957646443 -0.03743100745596628 1.8242634079558864 22.58638617653629 22.994233733704192 
