0 -0.05092410900873795 0.5622205440786907 0.16619729440495967 0.07551247956706031 -27.04417558300613 -22.89025340710536 0.6077450601961365 2.0999582726660586 14.692103915761999 17.457475270315484 
0 0.6038242604615058 0.5208574140323873 0.027297838204295988 0.02549700379644615 10.72885866059459 15.187021308219418 0.5288016821758632 1.957289000695673 40.63157083565569 46.28466519036603 
0 0.6424890970162016 0.5094830463371249 0.012190700955855949 0.012845866225502767 32.22897664603923 35.9877908295217 0.37058568005526493 1.8608356066149867 81.63241854666475 85.89151540036464 
0 0.6175383797868115 0.5170988754929244 0.01988119169203728 0.022188849638070995 14.982134340915561 18.71361155914479 0.4426602441313128 1.9310867866021635 47.80817783650248 52.335386978352 
0 0.5546823872750748 0.513318652408844 0.027430844940551036 0.016150935163417035 7.734441817572485 12.76915474565119 0.4982554840490887 1.954365001122256 63.65304830747093 67.80621509452244 
0 0.5275476224264513 0.5125185417801243 0.023350652712399333 0.015839494926752185 3.1252109611921775 7.6519588415692645 0.4629074100725461 1.9484759565363028 66.75006393567558 70.4857262992928 
0 0.6605390335014728 0.512141920643636 0.028864421750919744 0.015535668424247473 30.34727359007343 34.23502139197747 0.4589407505077192 1.9264838772729258 67.73822384890566 73.48205234828632 
0 0.6818741798608206 0.5136803076063248 0.026593298476456417 0.016090655173200852 30.888096097555934 35.49660833065623 0.5299289076840885 1.9229044235521653 61.97147643563169 65.85230486274206 
0 0.5694406703133952 0.512060636048024 0.02414862340574253 0.012771224226301281 12.38324444141207 17.39828861520684 0.6202204063092003 1.9313851638970252 73.10773191408978 77.19152846596187 
0 0.7285516135654936 0.5129269129970072 0.03390168446930564 0.019877697965221097 38.416684180683674 43.842686564511226 0.279003761101279 1.9898723746378146 60.918816480943654 65.39641991283638 
0 0.588099342655861 0.5113658543175372 0.02469335243364268 0.021784454921744523 13.53673594804675 17.83120129662473 0.04203769275809144 1.9291922860279018 60.52813885934509 64.18468225546066 
4 0.7734357782569575 0.5302061855287538 0.011016076416199283 0.06305381055421516 16.07806653381571 16.5117478693094 -0.03919347801156903 1.8225027739960027 20.65491138593141 21.081266848141627 
