0 -0.052849990344234474 0.56214350390556 0.16689628628476902 0.07562826392006083 -27.082069879314083 -22.927387981610984 0.6034270013088305 2.094812073861906 14.659370961413373 17.427958136210297 
0 0.6148167328117375 0.5211138859505302 0.027666735617024485 0.02585898043407575 11.868599546712336 16.407932823364895 0.5276788314039755 1.9555451918817137 40.08484194489021 45.71489935287286 
0 0.628133378960925 0.5173947556798546 0.02029838082594626 0.022600295660046732 16.15391306653931 19.944201775596014 0.4422613056726066 1.9301365656742737 46.95875105673549 51.4707509263347 
0 0.5636856611627369 0.5134370681296823 0.027846027096574133 0.016358613410928258 9.302044304123221 14.318416548023954 0.49557022959254926 1.9506014756359318 62.90896504876547 67.12773091724658 
0 0.5361666765922373 0.5125892999247094 0.023613563364102474 0.01600282655059604 4.758111569915993 9.269610996529604 0.45806021818612175 1.9444522014376655 66.11893958812044 69.9136555037508 
0 0.6707820774076912 0.5122872825998288 0.02843749834946152 0.015719652799751516 32.230468669969156 35.65267277126664 0.4591768213006431 1.9256210013249424 66.91280497487303 72.63102069395924 
0 0.6922282177260208 0.5139353310548405 0.027374690187045858 0.01637436962974992 32.182548626114894 36.78030393345993 0.5318452718960631 1.9227000741478824 60.853482279718975 64.78903851335527 
0 0.5763335667219218 0.5121305675063286 0.02442431189969263 0.012888736339467077 13.75067978210646 18.74489623582226 0.6181908253644415 1.9283282029243862 72.52167387262557 76.67326916116492 
0 0.7423026005457405 0.5132743150928027 0.03531565525135427 0.020384959123865287 39.91848531720877 45.32506459064405 0.281699913548616 1.9936872744243632 59.47145393509543 64.02018513990033 
0 0.5977289897451543 0.5115127451599492 0.025185304328188995 0.022096795330617036 15.022634932317708 19.306265303328694 0.04062886721988912 1.9268806111735721 59.66884729569689 63.376401950280936 
4 0.7957692715220521 0.5317482516146064 0.011955090763362652 0.0661536204841609 16.59093479941737 17.03131317603799 -0.03760591510120337 1.8240296347891185 19.68709605844368 20.120506906999342 
