0 -0.05519619241389644 0.5622445150661324 0.16775869328498563 0.07583121654704905 -27.127037190452967 -22.971277342444978 0.6021637288501789 2.0932750612061533 14.619139876375058 17.391316019651182 
0 0.6259865495559929 0.5213613836393584 0.028085416849140565 0.026241549089865757 12.986991688907889 17.605081166959362 0.5244120954689193 1.952499369387126 39.51451677283344 45.11878393614092 
0 0.6636346955699248 0.5097540295743207 0.01276361610919241 0.013255520726507708 36.05204524674916 39.89995275241347 0.36684032062001504 1.8563906390741185 79.09771873872069 83.33096438538136 
0 0.6389018553530783 0.5176767620786014 0.02074981921289687 0.023035318562649065 17.290708978291388 21.137274076520047 0.43938263836430114 1.9272061187315552 46.08931928005587 50.58403643538841 
0 0.5727162908662793 0.5135499993010588 0.02830275547262251 0.01657383846107241 10.832627238211902 15.828573170093303 0.49119959769776633 1.945826617926996 62.1353507394352 66.41667916208628 
0 0.5447724030221062 0.5126604953396765 0.02390641108077418 0.016173221460774934 6.355571829777734 10.849558417480175 0.4526928269914494 1.9395554438261562 65.45509214372652 69.30613032395627 
0 0.6811988970175427 0.5123863087882674 0.0278265113372137 0.01588116066262668 34.116532166226534 37.04288456107328 0.45549834744695894 1.9196820369540273 66.11918572320906 71.75031369611499 
0 0.7028870297960699 0.514155742358881 0.028219330427824096 0.016678224747892267 33.453000630592385 38.03785107403351 0.5289446714281036 1.918577184400908 59.71212764608844 63.69982036615342 
0 0.7564652946665266 0.5135790699685034 0.03688117094849841 0.020914023086950118 41.368918451008824 46.75338518187283 0.27914301750990744 1.991768007015429 58.00607956274706 62.62265097998946 
0 0.6074432895373567 0.511642154031644 0.025721153626406146 0.02242915497265785 16.46969946484865 20.740734358078694 0.036856303866624085 1.922780016830877 58.783261141608946 62.53925342009934 
4 0.8198942341497267 0.533379088854502 0.013055406361842437 0.06959477596408586 17.072414852746522 17.519008182932712 -0.03818038565113513 1.8234491762316343 18.71366498291111 19.153405038326767 
