0 -0.058205625804404804 0.5623848435359804 0.16891248742095366 0.07610672983807631 -27.182202895956372 -23.02447626261749 0.6005863068634885 2.0913954238635872 14.565550346405434 17.344121385608574 
0 0.6372860541994345 0.521635426600014 0.028542266663039384 0.02665092639693678 14.077333859709128 18.770278318453713 0.5217626038513961 1.949824154930606 38.9242748758984 44.50036390624202 
0 0.6743753696524313 0.5098899796865815 0.013080830905342844 0.01347738742173843 37.8687307224635 41.757197803229836 0.3636738891717002 1.8530549029493462 77.79205637599469 82.00962842445993 
0 0.6497949831027134 0.5179845888839945 0.021233102947098348 0.02349551639512415 18.38496267729058 22.28472464402698 0.437145535902538 1.9248432898889343 45.204500426758415 49.68011803231833 
0 0.5817241871600677 0.5136779908077584 0.028799059391134252 0.016801970870254923 12.315469447728365 17.288975126166086 0.4874585247617558 1.9416065784898295 61.33652874318782 65.67701604188603 
0 0.5533154123892655 0.5127445399127446 0.024229695944514518 0.016354872259628617 7.906030402261663 12.38071270491763 0.4478481529827416 1.9352010872136578 64.76210155262552 68.6663993660618 
0 0.6917750128869815 0.5124929423481968 0.027024514621169837 0.016055474200737385 35.99974004592151 38.40399079792367 0.45171584646634355 1.915554017826547 65.3566383847289 70.84143511298272 
0 0.7137359773045711 0.5143984174960732 0.02911211749809306 0.01700336424538107 34.68047448565774 39.2509927264488 0.525857607979898 1.9164891480074706 58.55931944378614 62.59394095838238 
0 0.7709821140831008 0.5139143063178582 0.038612915905415046 0.02147471703986925 42.75845782457435 48.118678000555946 0.27765212695330277 1.9909042207747822 56.53214876169897 61.21287722679356 
0 0.6171915828859029 0.5117879278365673 0.026298587547058827 0.02277994178721554 17.868059580934855 22.12466523916921 0.033774180417475375 1.919304863723642 57.876465232424515 61.678045460067615 
4 0.8459991707577059 0.5352098897701048 0.01434022944441582 0.07342126796423337 17.519884333726317 17.97205630469756 -0.03831230423710075 1.8233019640906782 17.738376236019548 18.183835630487835 
