0 -0.06183150055098113 0.5625901963818563 0.17032297090993131 0.0764555039848488 -27.246804665908712 -23.086643822560802 0.5993712993998088 2.089921005686452 14.500511301785403 17.286891984836334 
0 0.6487104269202362 0.5219261490137705 0.028957631156755537 0.027067092810829863 15.137254270348485 19.8944788001674 0.5210262975268114 1.9445535191679415 38.30707541748583 43.855328815060375 
0 0.6608466990163091 0.5183096682909839 0.02175051748583101 0.023981863981975327 19.43912108185919 23.38923344750225 0.43483048382293465 1.922446407014359 44.30539852978344 48.760205015610445 
0 0.5907336650531481 0.5138156174468727 0.02933645547492203 0.017042151184316623 13.753376943568952 18.702587760406054 0.48375957549005477 1.9374998198241447 60.51420183452627 64.91065755362595 
0 0.5618189088187304 0.512837511151819 0.024583614688197364 0.016546979235756876 9.412297469926315 13.865947561222825 0.44317924689613397 1.9309760046872784 64.04191945467701 67.99660632098914 
0 0.7025637965307756 0.5125993832106862 0.02605785622878487 0.016223302549893903 37.69010776865371 39.93713093534941 0.4479860050896425 1.9113256420830151 64.54382009378682 69.97302823697926 
0 0.7247396203170454 0.5146516764719771 0.03004502256018049 0.017352924083948618 35.8590837151906 40.414496783244836 0.5231847325823602 1.9138302680420467 57.40043912774057 61.476833374233905 
0 0.7859240212196994 0.5142650824607815 0.04049270093087143 0.022067533264965467 44.09073182871381 49.42465440799796 0.27584316951338583 1.9896478481620268 55.05028045488551 59.79171797700247 
0 0.6270007607205952 0.5119420996498443 0.026920095348501927 0.023150027960430197 19.220556310362845 23.461061000863545 0.030655743502339128 1.9158534801663898 56.94990889752519 60.79440625034766 
4 0.874461651223644 0.5372520333130915 0.01585226783237803 0.07769983415668141 17.935053161994837 18.392321454284506 -0.038561832752052716 1.8230414801401744 16.761614160276448 17.212284538870527 
