0 0.7231029474542947 0.5246466290259009 0.033769482347943636 0.031098995613076497 20.435164240886646 25.552944621853197 0.4962554357750426 1.918717137079567 33.32104251913164 38.65011291098192 
0 0.7573277426997156 0.5108245926168372 0.016106550897976857 0.015458079037263817 49.34000131045269 53.453588437267385 0.31290405211572314 1.8037265895704493 67.87845841010537 71.93775251703526 
0 0.7350890090701582 0.5205477989491074 0.025891346472509458 0.027637738754840213 25.241409528175378 29.451150991245367 0.40657168672445865 1.8960361914586068 38.53039942866169 42.821363059555445 
0 0.6481771603557571 0.5147389557744697 0.03368257062497115 0.018790386809025228 21.861826104700793 26.6230666490916 0.44937980581809667 1.9034654369963258 55.03847439840042 59.72248353458195 
0 0.6151305116475417 0.5134812646634379 0.0274928423749472 0.017953506890719728 17.96355145479971 22.251179471240132 0.40748114437567806 1.8967621953907687 59.13292839339215 63.34653985418256 
0 0.02237855714750472 0.5245931771248145 0.04009377264402255 0.02666018616275656 -61.4872496358435 -56.43711563034762 0.7245322569479113 2.2231672685872974 40.811392881366096 45.84001561514452 
0 0.7982785722826655 0.5162277861824449 0.037349601673383304 0.01997106519112013 42.1884612121076 46.68297990681667 0.48462185346975395 1.8779121572655975 50.159052323478754 54.3646651786599 
0 0.7062495522617951 0.5128984888806701 0.02647618943096297 0.018147922171284803 33.76254216559222 37.67796737330832 0.33726023152113616 1.8483258400153835 58.75372121856105 62.58816220270675 
0 0.8920529718665975 0.5165774361266703 0.05661604469774828 0.02660215804574584 51.29646701779497 56.42513727986359 0.2376354746732774 1.9532231867040168 45.75342214179855 50.806989025822645 
0 0.6909083947665116 0.5129142241775162 0.031921645349191397 0.025904607373574473 26.77618445992876 30.88372643344444 -0.002842312609958153 1.8827572042416691 50.89553554874796 54.95612960546423 
