0 0.7374324040336342 0.5253321471039587 0.03491378090256103 0.03215518502162551 21.230305115183903 26.402781513658148 0.4923001127627231 1.9208730011511688 32.38654894992615 37.66831162119804 
0 0.7711084332814067 0.5110509896520048 0.016704741666607292 0.015823809214675855 50.864125395118855 55.002624066718035 0.31046898840532333 1.8011382682251504 66.32499728921415 70.35419016081283 
0 0.7494714428319716 0.5210776311048787 0.026819841492605523 0.028414299786307273 26.144277227506137 30.390978370120663 0.4049205305831052 1.8942697980357048 37.49627096576514 41.75292556193756 
0 0.6587258546310435 0.5149690277515309 0.03464838701224193 0.019155931109101743 23.15815873835904 27.88015775153385 0.4464089521968071 1.9000695231718396 54.02880648010622 58.75385732172116 
0 0.6247557999207959 0.5136474463933638 0.028144155070825905 0.01824685097054124 19.34040685873969 23.593491596331113 0.4035353834498583 1.8932476665592035 58.21222330771985 62.46279622355941 
0 0.039754885352990474 0.5238588576707521 0.038314206107401834 0.025924785622933766 -60.81249781285508 -55.80170956176588 0.7189294796096719 2.217070072570296 41.92573878508677 46.99238659248658 
0 0.8125917830909133 0.5166238592464909 0.03912233160675482 0.02052510948174524 43.15451857949259 47.64621907870775 0.4822423005692864 1.8768371161253075 48.87478093358875 53.085844823918265 
0 0.7153516807522533 0.5130790963128191 0.027211015249418047 0.018426835612797787 34.79019930520641 38.680504482139696 0.3346267799103668 1.8470960499446731 57.829052541162774 61.69199184815197 
0 0.9138287036402444 0.5171746337259943 0.060522397587619126 0.02761135713434082 52.394522205059666 57.48073466971325 0.23668211740606848 1.9527841257051108 44.11517522502316 49.21333914675029 
0 0.7029036845474514 0.5131666510481364 0.033038604397728766 0.026476566361731235 27.97179473641655 32.05034043893788 -0.005231233635837995 1.8800192162992675 49.794977896780125 53.88556369633149 
