0 0.7524871911917743 0.5260439126971405 0.036165503021793666 0.03320837597432913 22.00664881964391 27.230919663728532 0.4890052376508145 1.9200163850061989 31.435523713170696 36.66878083057965 
0 0.7855003235706252 0.5112758501026704 0.017358776188767022 0.016214485786067434 52.3557343100601 56.517336427411934 0.30626399366591994 1.7969184941798966 64.73998935234496 68.73726071728377 
0 0.7645680927921743 0.5216320138754136 0.027838530173995957 0.029249544411007022 27.025679214680753 31.307485069979602 0.40231059522543333 1.8916863811852387 36.44368226403556 40.66410109538084 
0 0.6696020088899508 0.5152052327280687 0.03570043073836593 0.019543483580242493 24.434437824420993 29.11511253407765 0.44257412029596366 1.8959699360654012 52.993225402068454 57.75719543586393 
0 0.6346258192334986 0.5138180149923623 0.028852549715680298 0.018557446208493422 20.698996206323773 24.91555976278249 0.3989751361113989 1.8890587537133052 57.26373300183397 61.549358177992055 
0 0.05643616914698474 0.5231953148854521 0.03665841125180872 0.025234482730259078 -60.10551363107686 -55.13594643208904 0.7151927579205029 2.2130149836705137 43.0341149895138 48.136503246251564 
0 0.8274479641171728 0.5170278653661269 0.041396946389685385 0.021115474412614188 44.09169112220688 48.58259890175472 0.4784479873833698 1.8742504986246131 47.569777901831515 51.782871712347536 
0 0.7247247351412843 0.5132539388081057 0.027995069898097746 0.01872029115761442 35.80718072679221 39.67048355624313 0.3307625930197857 1.8445886585426963 56.89013694346884 60.77986700193049 
0 0.9371349490917843 0.5177985755942184 0.0649295895005535 0.02870959955030905 53.45936016652236 58.500756102270984 0.23398150654044403 1.9505263603958687 42.455383198066386 47.59585408994474 
0 0.7153598735335597 0.513423130882733 0.03425984827632611 0.027087997455477186 29.145147445597043 33.192922257137184 -0.008627740077255197 1.8764118960808842 48.67040103871412 52.78914085001409 
