0 -0.042824930064660455 0.562246657765748 0.16317496595518277 0.07517484140354491 -26.663407662707236 -22.545771076989954 0.6106585726609355 2.103560710500472 14.73926351060614 17.3985923181391 
0 0.28277860391500775 0.5237593817430152 0.03801656694913691 0.026174496767855215 -27.923220015903226 -25.080156774946754 0.6944330343360663 2.1161299395451865 40.15531631150426 45.76288806235563 
0 0.3223898298156479 0.5164334597125918 0.018169226870550947 0.018444786860025486 -31.777231505458072 -29.06325494613219 0.6377986553934076 2.1230660847092317 57.83262080197572 62.32546744655545 
0 0.2579838948146876 0.5154906828783302 0.03244646930561357 0.015942357733135903 -48.55731714505504 -43.55580430879368 0.7312424472731762 2.1872668102234214 65.23969803215526 68.21160094100537 
0 0.2237271646812254 0.5156090142263514 0.031148841121042298 0.016343843697510074 -53.80453081825074 -49.31218617003382 0.7018977607205921 2.182943028417511 64.06225549120198 66.76357361402165 
0 0.35175562667695526 0.5132927075166551 0.023632486485705873 0.011776090201776501 -36.40497444360605 -31.385493230665226 0.8555440875350107 2.1638983967937686 78.72404470329096 81.6039852032656 
0 0.29505081750909146 0.5126801679701889 0.025432789747049822 0.01987887400656463 -41.90349380862028 -37.71463870749267 0.2702471393275361 2.1575619058092084 66.74186623496537 69.43240602928795 
4 0.5120571682197463 0.5212217166304254 0.005866616444080375 0.0417731932482851 0.8185460760016596 1.348869830292923 0.015077308829841485 1.8772471959963595 31.194919172075178 31.717563319104908 
4 0.8878578169095304 0.5307367247631696 0.015192613964342017 0.07163111733647598 20.17145900391591 20.56180303087815 -0.1320374528449677 1.7295275388058517 18.19641610059301 18.579079214953886 
4 0.6155318211126621 0.5266819118641584 0.007034164375318563 0.056394608103085386 7.44708967482244 7.964849338258887 -0.05069273104388117 1.811427078654332 23.09462951508569 23.604709471701124 
