0 -0.04278180324233704 0.5622022026104313 0.1631740704676367 0.07514481708959697 -26.676482961560048 -22.556640686156225 0.6103743870450284 2.103210741213546 14.745630744521275 17.41115607643581 
0 0.29451071102295684 0.5233136289274307 0.036942663866419534 0.025708015914938542 -26.799053770234114 -24.08517890868385 0.6904310429619476 2.1104197725134632 40.81002104986455 46.38550796376103 
0 0.3320594139065696 0.5162801809047648 0.01794122115847241 0.018354169742141102 -30.19723630838743 -27.573111221959365 0.6311168600927968 2.1159653706677015 58.10030559648794 62.57169588093565 
0 0.26911774102064245 0.5152558005907864 0.031672581461664795 0.015761725273324867 -46.84481191542048 -41.86744248199544 0.7235047845342479 2.1793508776922526 65.92332938266892 68.79453045996034 
0 0.23578343662411833 0.5153380726110265 0.030275983598871764 0.016124783057625658 -52.12342533699284 -47.652717133953686 0.6942191622168568 2.1750516751507614 64.87409377671979 67.48525105968423 
0 0.35889781371493723 0.5131691440902231 0.02342134207855795 0.011746276525904653 -34.85695880530215 -29.859583787704018 0.8478653096759219 2.153188929463038 79.01412225112763 81.7915430928654 
0 0.30534397226371823 0.5125033243261174 0.024944162896957278 0.01971948141737978 -40.15883402205753 -35.9962091963234 0.2624731586875255 2.1496135628284896 67.26476489435662 69.87295280535966 
4 0.5233019567310536 0.5215454307131794 0.0059792843775154925 0.04258995197397053 1.7880263674163288 2.320429047854077 0.011052215634414608 1.8732230034140351 30.59649707958851 31.121248566718883 
4 0.9223257204989079 0.5323023969901481 0.01667796108981534 0.07551445260482176 20.852696154333326 21.252039447620145 -0.13458925651939957 1.7270080058595152 17.259892731134858 17.651583596702288 
4 0.6259266266379363 0.5272992034533429 0.007263082282426447 0.05782323485667501 7.933981661986987 8.455128153534883 -0.05261388334765238 1.809512513913163 22.52397439265111 23.037469603639394 
4 0.3999404404938143 0.5170114476495626 0.00442293673404609 0.03153324367398336 -12.158621808307476 -11.621576751149213 0.07392484266995925 1.9361094853270735 41.33776671959026 41.86716060089655 
